Debug Log

# De-bugging Log Dump

---------------------------------

Procesando datos:
- Estudio path: estudios/1
- Paciente: Pte1
- Frecuencia: Cinematica
- Tipo: CMJ
- Periodo: POST
- Buscando en: estudios/1/Pte1/Cinematica
- Buscando archivos: ['Pte1 CMJ POST_Cinematica.txt', 'Pte1 POST CMJ_Cinematica.txt']
- Intentando abrir: estudios/1/Pte1/Cinematica/Pte1 CMJ POST_Cinematica.txt
- Intentando abrir: estudios/1/Pte1/Cinematica/Pte1 POST CMJ_Cinematica.txt
- No se encontraron datos válidos
Procesando datos:
- Estudio path: estudios/1
- Paciente: Pte12
- Frecuencia: Cinematica
- Tipo: CMJ
- Periodo: POST
- Buscando en: estudios/1/Pte12/Cinematica
- Buscando archivos: ['Pte12 CMJ POST_Cinematica.txt', 'Pte12 POST CMJ_Cinematica.txt']
- Intentando abrir: estudios/1/Pte12/Cinematica/Pte12 CMJ POST_Cinematica.txt
- Intentando abrir: estudios/1/Pte12/Cinematica/Pte12 POST CMJ_Cinematica.txt
- No se encontraron datos válidos
Procesando datos:
- Estudio path: estudios/1
- Paciente: Pte14
- Frecuencia: Cinematica
- Tipo: CMJ
- Periodo: POST
- Buscando en: estudios/1/Pte14/Cinematica
- Buscando archivos: ['Pte14 CMJ POST_Cinematica.txt', 'Pte14 POST CMJ_Cinematica.txt']
- Intentando abrir: estudios/1/Pte14/Cinematica/Pte14 CMJ POST_Cinematica.txt
- Intentando abrir: estudios/1/Pte14/Cinematica/Pte14 POST CMJ_Cinematica.txt
- No se encontraron datos válidos
Procesando datos:
- Estudio path: estudios/1
- Paciente: Pte1
- Frecuencia: Cinetica
- Tipo: CMJ
- Periodo: POST
- Buscando en: estudios/1/Pte1/Cinetica
- Buscando archivos: ['Pte1 CMJ POST_Cinetica.txt', 'Pte1 POST CMJ_Cinetica.txt']
- Intentando abrir: estudios/1/Pte1/Cinetica/Pte1 CMJ POST_Cinetica.txt
- Intentando abrir: estudios/1/Pte1/Cinetica/Pte1 POST CMJ_Cinetica.txt
- No se encontraron datos válidos
Procesando datos:
- Estudio path: estudios/1
- Paciente: Pte12
- Frecuencia: Cinetica
- Tipo: CMJ
- Periodo: POST
- Buscando en: estudios/1/Pte12/Cinetica
- Buscando archivos: ['Pte12 CMJ POST_Cinetica.txt', 'Pte12 POST CMJ_Cinetica.txt']
- Intentando abrir: estudios/1/Pte12/Cinetica/Pte12 CMJ POST_Cinetica.txt
- Intentando abrir: estudios/1/Pte12/Cinetica/Pte12 POST CMJ_Cinetica.txt
- No se encontraron datos válidos
Procesando datos:
- Estudio path: estudios/1
- Paciente: Pte14
- Frecuencia: Cinetica
- Tipo: CMJ
- Periodo: POST
- Buscando en: estudios/1/Pte14/Cinetica
- Buscando archivos: ['Pte14 CMJ POST_Cinetica.txt', 'Pte14 POST CMJ_Cinetica.txt']
- Intentando abrir: estudios/1/Pte14/Cinetica/Pte14 CMJ POST_Cinetica.txt
- Intentando abrir: estudios/1/Pte14/Cinetica/Pte14 POST CMJ_Cinetica.txt
- No se encontraron datos válidos
Procesando datos:
- Estudio path: estudios/1
- Paciente: Pte1
- Frecuencia: Electromiografica
- Tipo: CMJ
- Periodo: POST
- Buscando en: estudios/1/Pte1/Electromiografica
- Buscando archivos: ['Pte1 CMJ POST_Electromiografica.txt', 'Pte1 POST CMJ_Electromiografica.txt']
- Intentando abrir: estudios/1/Pte1/Electromiografica/Pte1 CMJ POST_Electromiografica.txt
- Intentando abrir: estudios/1/Pte1/Electromiografica/Pte1 POST CMJ_Electromiografica.txt
- No se encontraron datos válidos
Procesando datos:
- Estudio path: estudios/1
- Paciente: Pte12
- Frecuencia: Electromiografica
- Tipo: CMJ
- Periodo: POST
- Buscando en: estudios/1/Pte12/Electromiografica
- Directorio no encontrado: estudios/1/Pte12/Electromiografica
Procesando datos:
- Estudio path: estudios/1
- Paciente: Pte14
- Frecuencia: Electromiografica
- Tipo: CMJ
- Periodo: POST
- Buscando en: estudios/1/Pte14/Electromiografica
- Directorio no encontrado: estudios/1/Pte14/Electromiografica

---------------------------------

.venvarakito@Matiass-MacBook-Pro KineViz % cat estudios/1/Pte1/Cinematica/Pte1\ CMJ\ POST\ 1_Cinematica.txt
100
;;;Pte10:LAnkleAngles;;;Pte10:LKneeAngles;;;Pte10:LHipAngles;;;Pte10:RAnkleAngles;;;Pte10:RKneeAngles;;;Pte10:RHipAngles;;;Pte10:LAnkleForce;;;Pte10:LKneeForce;;;Pte10:LHipForce;;;Pte10:RAnkleForce;;;Pte10:RKneeForce;;;Pte10:RHipForce;;;Pte10:LAnkleMoment;;;Pte10:LKneeMoment;;;Pte10:LHipMoment;;;Pte10:RAnkleMoment;;;Pte10:RKneeMoment;;;Pte10:RHipMoment;;;
Frame;Sub Frame;Tiempo;X;Y;Z;X;Y;Z;X;Y;Z;X;Y;Z;X;Y;Z;X;Y;Z;X;Y;Z;X;Y;Z;X;Y;Z;X;Y;Z;X;Y;Z;X;Y;Z;X;Y;Z;X;Y;Z;X;Y;Z;X;Y;Z;X;Y;Z;X;Y;Z
;;;deg;deg;deg;deg;deg;deg;deg;deg;deg;deg;deg;deg;deg;deg;deg;deg;deg;deg;N/kg;N/kg;N/kg;N/kg;N/kg;N/kg;N/kg;N/kg;N/kg;N/kg;N/kg;N/kg;N/kg;N/kg;N/kg;N/kg;N/kg;N/kg;N.mm/kg;N.mm/kg;N.mm/kg;N.mm/kg;N.mm/kg;N.mm/kg;N.mm/kg;N.mm/kg;N.mm/kg;N.mm/kg;N.mm/kg;N.mm/kg;N.mm/kg;N.mm/kg;N.mm/kg;N.mm/kg;N.mm/kg;N.mm/kg
209;0;0;-1.52201;-5.51636;19.6923;-8.11028;-4.27924;-27.8183;1.96526;5.10259;-5.79879;10.6358;-12.3266;33.4462;-0.670833;1.14816;5.3056;-1.52094;-9.72017;-54.4791;nan;nan;nan;nan;nan;nan;nan;nan;nan;nan;nan;nan;nan;nan;nan;nan;nan;nan;nan;nan;nan;nan;nan;nan;nan;nan;nan;nan;nan;nan;nan;nan;nan;nan;nan;nan
210;0;0.01;-1.52557;-5.54053;19.764;-8.11906;-4.27547;-27.8476;1.95348;5.11049;-5.86327;10.6391;-12.3201;33.4323;-0.672894;1.15876;5.32268;-1.53099;-9.72873;-54.4602;nan;nan;nan;nan;nan;nan;nan;nan;nan;nan;nan;nan;nan;nan;nan;nan;nan;nan;nan;nan;nan;nan;nan;nan;nan;nan;nan;nan;nan;nan;nan;nan;nan;nan;nan;nan
211;0;0.02;-1.53033;-5.56283;19.83;-8.12916;-4.27276;-27.8773;1.9385;5.11462;-5.92122;10.6419;-12.318;33.4276;-0.676215;1.1681;5.33023;-1.54283;-9.73261;-54.4402;nan;nan;nan;nan;nan;nan;nan;nan;nan;nan;nan;nan;nan;nan;nan;nan;nan;nan;nan;nan;nan;nan;nan;nan;nan;nan;nan;nan;nan;nan;nan;nan;nan;nan;nan;nan
212;0;0.03;-1.53613;-5.58306;19.8899;-8.1405;-4.27122;-27.9071;1.92042;5.11494;-5.97246;10.6441;-12.32;33.4321;-0.680787;1.17604;5.32829;-1.55634;-9.73167;-54.4191;nan;nan;nan;nan;nan;nan;nan;nan;nan;nan;nan;nan;nan;nan;nan;nan;nan;nan;nan;nan;nan;nan;nan;nan;nan;nan;nan;nan;nan;nan;nan;nan;nan;nan;nan;nan
213;0;0.04;-1.54255;-5.60082;19.9424;-8.15266;-4.27106;-27.9361;1.89968;5.11142;-6.01677;10.6454;-12.326;33.445;-0.686555;1.18215;5.31706;-1.57098;-9.72567;-54.3972;9.76117;0.170752;-0.262613;-0.743692;-0.613629;-9.26003;0.843234;-0.176907;-8.28401;-0.142107;0.001158;0.004547;-0.027501;-0.08948;0.597633;-0.071812;-0.276385;1.5817;-32.3973;1536.99;-44.6486;241.577;1167.97;-79.8164;-8.71755;1068.32;108.195;-14.24;-0;-0.05938;5.48802;13.4021;1.51286;11.3725;81.742;1.80459
214;0;0.05;-1.54863;-5.6154;19.9855;-8.1646;-4.27272;-27.9623;1.87744;5.10396;-6.05395;10.6458;-12.3354;33.4653;-0.693253;1.18546;5.29723;-1.58555;-9.71416;-54.3744;9.76262;0.171398;-0.262656;-0.745861;-0.615906;-9.26142;0.842978;-0.180577;-8.285;-0.142101;0.000861;0.004632;-0.026738;-0.088539;0.598836;-0.072544;-0.276365;1.58457;-32.8027;1537.73;-44.7713;242.102;1167.6;-80.0447;-10.428;1066.61;108.175;-14.2457;-0;0.018801;5.54938;13.5073;1.59173;10.7173;80.4948;1.88792
215;0;0.06;-1.55283;-5.62599;20.0168;-8.17424;-4.2768;-27.983;1.85592;5.09273;-6.08411;10.6455;-12.3474;33.4913;-0.700174;1.18419;5.26978;-1.59781;-9.69681;-54.3511;9.76699;0.170317;-0.261287;-0.746001;-0.620693;-9.26582;0.845888;-0.18509;-8.28825;-0.142113;0.000598;0.004667;-0.025703;-0.086857;0.600107;-0.073367;-0.275291;1.58697;-33.5554;1539.2;-44.5769;243.365;1167.17;-79.8978;-14.8579;1064.84;108.482;-14.2615;0;0.090698;5.54909;13.6022;1.66609;9.74133;78.3913;1.9649
216;0;0.07;-1.55277;-5.63183;20.034;-8.17793;-4.28404;-27.9947;1.83895;5.07823;-6.10818;10.6451;-12.3609;33.5204;-0.705924;1.17553;5.23652;-1.60417;-9.67356;-54.3279;9.77518;0.167344;-0.258822;-0.743281;-0.628085;-9.27407;0.852697;-0.189623;-8.29442;-0.14212;0.000415;0.004769;-0.023698;-0.084085;0.601193;-0.072999;-0.272031;1.58734;-34.9459;1542.08;-44.2642;245.959;1167.24;-79.5013;-22.669;1064.1;109.012;-14.2884;-0;0.137732;5.59332;13.6208;1.71751;7.88193;75.0311;2.0176
217;0;0.08;-1.54543;-5.63266;20.0365;-8.17009;-4.2952;-27.9938;1.83235;5.06145;-6.12829;10.6466;-12.3748;33.5503;-0.708136;1.1554;5.19988;-1.59941;-9.64496;-54.3055;9.78666;0.16205;-0.256776;-0.738122;-0.638057;-9.2857;0.863088;-0.193996;-8.30343;-0.142146;0.000452;0.004835;-0.021046;-0.080183;0.60182;-0.071543;-0.266334;1.58491;-37.3024;1546.56;-44.1784;249.918;1167.9;-79.0917;-33.6369;1064.58;109.434;-14.3315;-0;0.131925;5.5642;13.5453;1.71865;5.28554;70.3898;2.01513
218;0;0.09;-1.52708;-5.62888;20.0253;-8.14285;-4.31085;-27.977;1.84403;5.04388;-6.14825;10.653;-12.3879;33.5784;-0.70323;1.11849;5.16311;-1.5768;-9.61233;-54.2851;9.7997;0.154052;-0.257479;-0.732069;-0.649853;-9.29879;0.873846;-0.197888;-8.31348;-0.14218;0.00078;0.004908;-0.017429;-0.075102;0.601815;-0.068234;-0.257468;1.57947;-40.8149;1551.83;-44.74;254.541;1168.55;-78.951;-46.207;1065.58;109.215;-14.3903;0;0.055098;5.5033;13.3313;1.65097;1.70189;64.3807;1.93781
219;0;0.1;-1.49344;-5.62158;20.0038;-8.08609;-4.33126;-27.9411;1.88377;5.02738;-6.17342;10.6691;-12.3992;33.6028;-0.686348;1.05838;5.13006;-1.5283;-9.57781;-54.2683;9.81063;0.143418;-0.263491;-0.726241;-0.662394;-9.3098;0.882477;-0.201028;-8.32224;-0.142237;0.001448;0.00493;-0.013329;-0.069181;0.601068;-0.063274;-0.245795;1.57104;-45.6128;1556.11;-46.4799;258.922;1167.85;-79.4382;-58.8926;1065.7;107.576;-14.4647;0;-0.100516;5.31161;12.9942;1.50602;-2.58581;57.3506;1.77417
220;0;0.11;-1.4399;-5.61265;19.9774;-7.98768;-4.35624;-27.884;1.96271;5.01395;-6.21082;10.7008;-12.4081;33.6219;-0.651489;0.967985;5.10528;-1.44534;-9.54428;-54.2569;9.81427;0.13069;-0.277165;-0.722683;-0.673611;-9.31342;0.882577;-0.202672;-8.32505;-0.14231;0.00239;0.004905;-0.008719;-0.06291;0.599655;-0.056253;-0.231329;1.56034;-51.886;1557.48;-49.8884;262.172;1164.54;-80.8573;-68.9997;1063.75;103.769;-14.5506;0;-0.321476;5.01986;12.5735;1.29549;-7.59208;49.658;1.53591
221;0;0.12;-1.36162;-5.60417;19.9523;-7.83403;-4.3852;-27.8039;2.09259;5.00543;-6.26778;10.7554;-12.414;33.6346;-0.591715;0.84012;5.09371;-1.31948;-9.51512;-54.2535;9.80755;0.117;-0.299165;-0.721291;-0.682119;-9.30695;0.871649;-0.202123;-8.32042;-0.14241;0.003509;0.004783;-0.004181;-0.056936;0.597688;-0.047589;-0.21521;1.54888;-60.1004;1555.24;-55.0626;264.859;1158.24;-83.1261;-75.7965;1060;97.5527;-14.6434;-0;-0.581827;4.55655;12.1377;1.04323;-12.914;41.9269;1.24608
222;0;0.13;-1.25362;-5.59809;19.9343;-7.61085;-4.41721;-27.6986;2.28462;5.00304;-6.35163;10.8406;-12.4165;33.64;-0.49959;0.66817;5.10079;-1.14351;-9.49386;-54.2611;9.79169;0.103694;-0.328733;-0.721566;-0.686832;-9.29176;0.846664;-0.198385;-8.31026;-0.142546;0.004628;0.004523;-0.000133;-0.052042;0.595432;-0.037859;-0.199067;1.53802;-71.0423;1550.12;-61.7054;268.65;1149.61;-85.7772;-79.1413;1056.17;89.2161;-14.7374;-0;-0.840837;3.894;11.7963;0.787317;-18.1999;34.8746;0.944122
223;0;0.14;-1.11072;-5.5956;19.927;-7.30391;-4.45121;-27.5656;2.54854;5.00693;-6.46873;10.9635;-12.4147;33.6361;-0.367648;0.446543;5.1323;-0.912169;-9.4835;-54.2828;9.76884;0.092027;-0.363756;-0.721403;-0.687457;-9.27048;0.807319;-0.190577;-8.29813;-0.142707;0.005576;0.00412;0.003112;-0.048565;0.593207;-0.027409;-0.184398;1.53004;-85.1844;1542.79;-69.3234;275.419;1139.17;-88.1866;-80.0793;1053.88;79.1673;-14.825;-0;-1.05642;3.02241;11.5919;0.56694;-23.1905;28.9371;0.670801
224;0;0.15;-0.927615;-5.59681;19.9306;-6.89991;-4.48627;-27.4009;2.89158;5.01572;-6.62407;11.1308;-12.407;33.6195;-0.188728;0.170824;5.19443;-0.622632;-9.48589;-54.3211;9.73776;0.082933;-0.400957;-0.717664;-0.683853;-9.24219;0.753427;-0.177712;-8.2829;-0.142896;0.006214;0.003574;0.005336;-0.046936;0.59121;-0.016542;-0.172675;1.525;-102.055;1532.56;-77.1245;286.073;1126.42;-89.5178;-79.523;1053.47;67.8923;-14.9;0;-1.19435;1.93555;11.6013;0.413744;-27.7148;24.5137;0.460098
225;0;0.16;-0.698592;-5.60029;19.9409;-6.38701;-4.52185;-27.1985;3.31807;5.02645;-6.82088;11.3474;-12.3908;33.5847;0.043762;-0.162167;5.29356;-0.274448;-9.50142;-54.3774;9.69371;0.076423;-0.435848;-0.705465;-0.676723;-9.20255;0.68704;-0.158945;-8.26014;-0.143083;0.006428;0.002923;0.006747;-0.047026;0.589635;-0.004512;-0.163697;1.52304;-120.088;1517.62;-83.9223;300.534;1109.91;-88.6603;-78.8799;1053.85;56.0683;-14.9543;0;-1.23099;0.690432;11.8221;0.348867;-31.9939;21.4243;0.33489
226;0;0.17;-0.417789;-5.60331;19.9498;-5.75547;-4.55797;-26.951;3.82921;5.03491;-7.06031;11.6166;-12.3625;33.5237;0.335845;-0.554579;5.4363;0.130653;-9.52926;-54.4521;9.62946;0.070466;-0.464804;-0.681465;-0.668081;-9.14429;0.609472;-0.135453;-8.22212;-0.143228;0.006195;0.002309;0.007805;-0.048362;0.58855;0.009515;-0.156606;1.52207;-137.156;1496.3;-88.4501;317.53;1088.03;-84.5283;-78.4611;1052.43;44.4669;-14.9803;-0;-1.16245;-0.61252;12.1849;0.374301;-36.4119;19.1778;0.297564
227;0;0.18;-0.079198;-5.60178;19.9453;-4.99781;-4.59516;-26.6492;4.42374;5.03611;-7.34125;11.94;-12.3176;33.4269;0.693105;-1.00787;5.62919;0.58993;-9.56773;-54.5444;9.53814;0.061156;-0.485726;-0.643799;-0.660921;-9.06021;0.522466;-0.109639;-8.16111;-0.1433;0.005573;0.001789;0.008976;-0.050434;0.587792;0.026781;-0.150022;1.52075;-151.658;1468.64;-89.8366;336.046;1060.19;-76.4366;-78.4639;1047.23;33.7596;-14.973;-0;-1.0034;-1.89647;12.6215;0.474437;-41.4327;17.1821;0.331556
228;0;0.19;0.322776;-5.59086;19.913;-4.10916;-4.63427;-26.2833;5.09815;5.02489;-7.66053;12.3181;-12.2515;33.2837;1.12094;-1.5233;5.87843;1.10022;-9.61489;-54.6524;9.41577;0.044181;-0.499644;-0.594265;-0.657892;-8.94567;0.425382;-0.085067;-8.0718;-0.143248;0.004652;0.001531;0.010802;-0.052481;0.587277;0.048025;-0.142447;1.51667;-163.526;1436.74;-88.1012;355.742;1027.32;-64.4684;-78.149;1037.51;24.1544;-14.9271;0;-0.778181;-3.0418;12.9943;0.624552;-47.468;14.7242;0.410297
229;0;0.2;0.792742;-5.56539;19.8376;-3.08726;-4.67617;-25.8441;5.8475;4.99639;-8.013;12.7498;-12.1593;33.0833;1.62485;-2.10231;6.18962;1.65915;-9.66915;-54.7737;9.26005;0.017088;-0.510113;-0.536511;-0.659094;-8.7979;0.316246;-0.063425;-7.95091;-0.143061;0.003512;0.001577;0.013429;-0.054207;0.586758;0.073368;-0.133072;1.50865;-174.115;1403.16;-84.3708;377.025;991.357;-49.6714;-76.3986;1024.45;15.0264;-14.8433;0;-0.512584;-3.99046;13.2485;0.799607;-54.6248;11.4893;0.506171
230;0;0.21;1.33346;-5.52049;19.7046;-1.93267;-4.72125;-25.3236;6.66579;4.94634;-8.39217;13.2335;-12.0368;32.8155;2.21044;-2.74683;6.56724;2.26564;-9.72955;-54.9048;9.06945;-0.019725;-0.520907;-0.47376;-0.662404;-8.61507;0.193983;-0.044598;-7.79477;-0.14272;0.002277;0.00199;0.016646;-0.055424;0.585964;0.102037;-0.121557;1.49552;-185.028;1369.89;-80.5459;400.533;954.605;-33.8491;-72.3945;1010.36;4.96945;-14.7229;0;-0.234049;-4.71221;13.3063;0.973533;-62.6451;7.37615;0.592348
231;0;0.22;1.94506;-5.45234;19.5022;-0.648626;-4.76909;-24.7173;7.54644;4.87113;-8.79095;13.7666;-11.8806;32.4715;2.88324;-3.45916;7.01453;2.92009;-9.7959;-55.042;8.84492;-0.063973;-0.5332;-0.407547;-0.665146;-8.398;0.05952;-0.027125;-7.60265;-0.142268;0.001;0.002668;0.019533;-0.056617;0.584679;0.132088;-0.109135;1.47732;-196.912;1337.98;-78.5092;426.589;919.053;-18.9077;-66.0492;997.429;-7.63798;-14.5749;-0;0.043884;-5.28559;13.2143;1.13504;-70.7291;2.99507;0.658231
232;0;0.23;2.62458;-5.35849;19.2227;0.75904;-4.81802;-24.0244;8.48257;4.76767;-9.20202;14.3458;-11.6882;32.0438;3.64812;-4.24155;7.53353;3.62412;-9.86852;-55.1808;8.59102;-0.112662;-0.545556;-0.336794;-0.665968;-8.15114;-0.081618;-0.009675;-7.37691;-0.141765;-0.000346;0.003439;0.020613;-0.058622;0.58268;0.160127;-0.097647;1.45418;-208.981;1306.96;-79.4379;454.583;885.38;-6.24991;-58.6013;985.997;-23.9894;-14.4113;0;0.323818;-5.86592;13.087;1.28909;-77.5772;-0.638325;0.711087
233;0;0.24;3.36571;-5.2384;18.8635;2.28214;-4.86524;-23.2492;9.46728;4.63345;-9.61879;14.9662;-11.4576;31.5255;4.50844;-5.09537;8.1253;4.37977;-9.94811;-55.3165;8.31255;-0.162446;-0.557884;-0.263046;-0.662908;-7.87907;-0.226489;0.008633;-7.12038;-0.141306;-0.001776;0.0041;0.018179;-0.062514;0.579856;0.182355;-0.089488;1.42781;-219.369;1274.18;-83.5695;481.299;852.784;3.41348;-48.551;973.661;-44.316;-14.2484;0;0.614271;-6.65145;13.0845;1.44676;-81.7459;-2.23005;0.763747
234;0;0.25;4.15922;-5.09338;18.4277;3.91036;-4.90707;-22.4009;10.4939;4.4666;-10.0358;15.621;-11.1872;30.9099;5.46519;-6.01992;8.7903;5.18851;-10.0355;-55.4439;8.01187;-0.2098;-0.571735;-0.190004;-0.653544;-7.58428;-0.374211;0.028233;-6.83424;-0.141;-0.003424;0.004318;0.010276;-0.069399;0.576057;0.194296;-0.086849;1.39965;-226.033;1235.77;-90.0555;502.14;819.474;10.2383;-32.6072;956.525;-67.5086;-14.1042;-0;0.93823;-7.92373;13.4443;1.63308;-81.6492;-0.440768;0.838971
235;0;0.26;4.99368;-4.92641;17.9229;5.63145;-4.93966;-21.4926;11.5561;4.26619;-10.4487;16.3014;-10.8751;30.1885;6.51643;-7.01125;9.52892;6.05027;-10.1313;-55.557;7.69368;-0.252096;-0.587358;-0.120917;-0.637096;-7.27138;-0.522594;0.048369;-6.52164;-0.140961;-0.005375;0.003871;-0.004354;-0.079952;0.571312;0.193407;-0.091359;1.37313;-227.725;1189.72;-96.9522;514.175;784.218;15.4882;-9.04695;931.919;-91.1089;-13.9966;-0;1.31092;-9.88043;14.3616;1.86503;-76.4301;5.66325;0.939512
236;0;0.27;5.85663;-4.74147;17.3603;7.43151;-4.95976;-20.5399;12.6478;4.03233;-10.8545;16.9963;-10.519;29.3514;7.65691;-8.06133;10.3418;6.96248;-10.2361;-55.6497;7.37303;-0.289524;-0.600682;-0.055466;-0.617553;-6.95503;-0.667047;0.065975;-6.19715;-0.141232;-0.007748;0.002692;-0.025857;-0.094144;0.565687;0.179584;-0.10371;1.35045;-224.646;1138.39;-101.545;518.869;747.256;21.6008;19.2548;899.935;-111.892;-13.9354;-0;1.74188;-12.567;15.9635;2.15321;-66.2357;16.3306;1.03982
237;0;0.28;6.73567;-4.54252;16.751;9.29515;-4.96534;-19.5578;13.7635;3.76645;-11.2513;17.693;-10.1164;28.3872;8.87835;-9.15797;11.23;7.92004;-10.35;-55.7155;7.07901;-0.326434;-0.603284;0.012813;-0.60472;-6.66291;-0.799102;0.075927;-5.89008;-0.141836;-0.010522;0.000773;-0.053518;-0.11115;0.559557;0.154917;-0.122793;1.33474;-218.546;1089.13;-100.998;522.894;710.462;31.8905;43.5423;863.609;-126.825;-13.9271;0;2.21432;-15.9617;18.2694;2.48249;-52.0231;30.8861;1.0785
238;0;0.29;7.61938;-4.3328;16.1043;11.2059;-4.95603;-18.559;14.8976;3.47123;-11.6377;18.3789;-9.6655;27.2846;10.1701;-10.2856;12.1944;8.91573;-10.4724;-55.7482;6.85027;-0.369963;-0.586022;0.093905;-0.611134;-6.4316;-0.912553;0.072037;-5.64063;-0.142702;-0.013597;-0.001606;-0.085285;-0.129263;0.553277;0.123672;-0.146159;1.32711;-212.156;1052.52;-93.4109;535.986;677.472;49.6039;53.2115;828.204;-134.273;-13.9669;0;2.69188;-19.8236;21.1286;2.81893;-35.6994;47.7187;0.965183
239;0;0.3;8.49809;-4.11403;15.4249;13.1468;-4.93329;-17.5511;16.0453;3.15049;-12.0132;19.0428;-9.16577;26.0347;11.5204;-11.4271;13.235;9.94158;-10.6024;-55.7419;6.72303;-0.42588;-0.543509;0.199034;-0.64562;-6.2951;-1.00616;0.051467;-5.48654;-0.143715;-0.016754;-0.004122;-0.118629;-0.146262;0.547459;0.090791;-0.169767;1.32791;-208.166;1038.18;-78.8906;567.387;652.884;76.4564;39.979;800.295;-135.138;-14.0437;0;3.12051;-23.8641;24.2663;3.11241;-19.4093;64.5239;0.611582
240;0;0.31;9.36406;-3.88652;14.7134;15.1011;-4.90039;-16.5371;17.2024;2.8092;-12.3779;19.6766;-8.61891;24.6338;12.9173;-12.5657;14.3495;10.9906;-10.7388;-55.6914;6.71595;-0.495056;-0.478622;0.334043;-0.708076;-6.27104;-1.08704;0.016019;-5.44876;-0.144724;-0.019679;-0.006324;-0.150635;-0.159859;0.542681;0.061628;-0.18918;1.33577;-208.043;1049.66;-60.0661;620.84;640.067;111.225;3.40549;784.362;-132.961;-14.1408;0;3.43882;-27.7021;27.3148;3.307;-5.36585;78.7794;-0.048698
241;0;0.32;10.2115;-3.64952;13.9671;17.0533;-4.86218;-15.5151;18.3665;2.45299;-12.7336;20.2767;-8.0294;23.0854;14.3502;-13.6875;15.5317;12.0587;-10.8799;-55.592;6.81953;-0.572421;-0.403266;0.494971;-0.788037;-6.35074;-1.16858;-0.027433;-5.51761;-0.14556;-0.022078;-0.007788;-0.178745;-0.168106;0.5394;0.04029;-0.199817;1.34875;-211.435;1082.4;-41.4404;692.041;639.874;149.62;-47.5269;781.042;-132.737;-14.2375;0;3.59953;-30.9766;29.8862;3.36147;4.78947;88.166;-1.0212
242;0;0.33;11.0366;-3.40206;13.1823;18.99;-4.82476;-14.4808;19.5369;2.08782;-13.0834;20.844;-7.40453;21.4018;15.8105;-14.7827;16.7706;13.1457;-11.0242;-55.4398;6.99287;-0.649122;-0.335451;0.667057;-0.868625;-6.49641;-1.26417;-0.070672;-5.65213;-0.14611;-0.023678;-0.008222;-0.201345;-0.169912;0.537957;0.029187;-0.198542;1.36397;-216.713;1126.23;-27.7633;769.715;650.958;185.824;-97.4921;787.209;-138.963;-14.3165;-0;3.57637;-33.447;31.6662;3.25516;10.2838;91.2064;-2.24295
243;0;0.34;11.8369;-3.14402;12.3584;20.9008;-4.79499;-13.4305;20.7155;1.71932;-13.4319;21.3832;-6.75376;19.6039;17.2918;-15.8469;18.0505;14.2558;-11.1696;-55.2321;7.17505;-0.716198;-0.294741;0.825985;-0.932566;-6.65233;-1.38383;-0.107277;-5.78971;-0.146287;-0.024394;-0.007474;-0.217635;-0.165184;0.538387;0.029156;-0.183772;1.37943;-221.932;1169.92;-22.2138;838.811;670.885;214.843;-128.881;797.778;-153.839;-14.362;0;3.38247;-34.9543;32.4831;3.00446;11.0774;87.4204;-3.59893
244;0;0.35;12.6114;-2.87667;11.4989;22.779;-4.77985;-12.364;21.9067;1.35245;-13.7842;21.9013;-6.08794;17.7193;18.7898;-16.8809;19.351;15.3972;-11.3139;-54.9677;7.31589;-0.767822;-0.293453;0.951262;-0.96979;-6.77304;-1.5284;-0.133769;-5.87937;-0.146107;-0.024191;-0.00566;-0.228421;-0.154644;0.54041;0.038069;-0.156549;1.39352;-225.455;1204.62;-24.9985;887.284;695.789;234.555;-130.57;807.509;-176.337;-14.3682;0;3.05182;-35.6152;32.2898;2.6442;8.32478;77.5405;-4.92219
245;0;0.36;13.3598;-2.60298;10.6134;24.6211;-4.78578;-11.286;23.1169;0.990925;-14.1446;22.4058;-5.41795;15.7798;20.3019;-17.8891;20.6493;16.5806;-11.4541;-54.6474;7.40155;-0.802212;-0.328117;1.03996;-0.980394;-6.84644;-1.68982;-0.148658;-5.90836;-0.145632;-0.023257;-0.003043;-0.235055;-0.139815;0.543649;0.053513;-0.118868;1.4063;-226.151;1224.8;-33.2134;912.3;719.804;246.201;-104.086;812.274;-202.601;-14.3348;0;2.64833;-35.6237;31.2266;2.23548;3.34717;63.0519;-6.07092
246;0;0.37;14.0826;-2.32713;9.71542;26.4268;-4.81769;-10.2073;24.3536;0.63713;-14.5149;22.9029;-4.75361;13.8173;21.8259;-18.8786;21.9225;17.8175;-11.5863;-54.274;7.45158;-0.822504;-0.37819;1.11149;-0.973969;-6.88854;-1.85058;-0.153295;-5.90069;-0.145006;-0.021805;-0.0001;-0.239776;-0.122321;0.547449;0.072079;-0.074141;1.41878;-223.868;1229.84;-42.3575;922.421;737.1;253.463;-65.2768;810.018;-227.884;-14.2723;-0;2.23549;-35.3755;29.4893;1.83695;-2.13103;45.9602;-6.91749
247;0;0.38;14.7802;-2.05395;8.82113;28.1979;-4.87828;-9.14374;25.6246;0.291827;-14.893;23.3966;-4.10263;11.8598;23.36;-19.8573;23.15;19.1179;-11.7053;-53.8527;7.49522;-0.837677;-0.418329;1.19172;-0.965403;-6.92251;-1.99527;-0.154613;-5.89129;-0.144345;-0.020099;0.002789;-0.244311;-0.103924;0.5513;0.091904;-0.026224;1.43215;-220.153;1227.21;-48.4521;932.167;747.132;261.509;-34.1214;802.545;-248.98;-14.1919;0;1.86895;-35.1757;27.3472;1.49843;-7.06272;28.2726;-7.42649
248;0;0.39;15.4531;-1.78797;7.94603;29.9376;-4.96714;-8.1145;26.9366;-0.045802;-15.2715;23.8882;-3.47024;9.92943;24.9011;-20.8325;24.3155;20.4891;-11.8046;-53.3905;7.55299;-0.858748;-0.432899;1.29719;-0.968097;-6.96412;-2.11749;-0.162;-5.90483;-0.143785;-0.018376;0.005193;-0.250284;-0.085793;0.554595;0.11089;0.02076;1.44672;-217.694;1230.35;-49.2977;953.736;755.945;275.66;-23.9051;795.676;-265.523;-14.109;0;1.58484;-35.3669;25.0102;1.25058;-10.5168;11.7323;-7.59344
249;0;0.4;16.1013;-1.53276;7.1027;31.6499;-5.08051;-7.13969;28.2946;-0.377787;-15.6387;24.3766;-2.85888;8.04022;26.4456;-21.8105;25.4088;21.9351;-11.8765;-52.8958;7.63273;-0.889276;-0.422537;1.42807;-0.984433;-7.02038;-2.22495;-0.178193;-5.94873;-0.143419;-0.016813;0.00683;-0.258578;-0.068942;0.556956;0.128369;0.063191;1.4621;-217.849;1247.2;-44.9122;989.943;769.754;298.195;-33.7262;795.074;-279.329;-14.0368;-0;1.39571;-36.1745;22.6847;1.1021;-12.2539;-2.33163;-7.48985
250;0;0.41;16.7246;-1.29056;6.29933;33.3381;-5.21128;-6.23811;29.7017;-0.706912;-15.9796;24.8591;-2.26833;6.19754;27.9893;-22.7962;26.4257;23.4565;-11.9126;-52.3769;7.73237;-0.920455;-0.400467;1.57233;-1.00284;-7.0922;-2.33232;-0.193618;-6.0158;-0.143268;-0.015508;0.007594;-0.269127;-0.053838;0.557959;0.144444;0.099137;1.47715;-218.848;1271.93;-37.8211;1033.43;788.398;325.387;-50.4166;801.638;-293.171;-13.9819;-0;1.29224;-37.6523;20.4896;1.04197;-12.5199;-13.3135;-7.21056
251;0;0.42;17.3223;-1.0622;5.53948;35.0053;-5.34976;-5.42527;31.1589;-1.03623;-16.2783;25.3323;-1.69606;4.39883;29.528;-23.7928;27.3677;25.052;-11.9043;-51.8405;7.84238;-0.939183;-0.383258;1.71307;-1.00763;-7.17457;-2.45237;-0.194532;-6.08914;-0.143309;-0.014511;0.007516;-0.281298;-0.040811;0.557174;0.159477;0.128225;1.48963;-217.532;1291.29;-32.4119;1072.9;807.085;349.325;-57.5007;811.66;-309.959;-13.9468;-0;1.2529;-39.7386;18.519;1.04875;-11.8207;-21.0583;-6.87401
252;0;0.43;17.8937;-0.847553;4.82339;36.6538;-5.48527;-4.71225;32.6654;-1.36843;-16.521;25.7928;-1.13775;2.63517;31.0591;-24.802;28.2402;26.7182;-11.844;-51.2907;7.93822;-0.939065;-0.38227;1.8324;-0.990887;-7.24737;-2.58632;-0.175348;-6.13901;-0.143463;-0.013878;0.006739;-0.294029;-0.03009;0.55444;0.174778;0.151703;1.49866;-212.353;1297.03;-32.5093;1099.19;822.391;363.66;-44.6353;820.645;-331.613;-13.928;0;1.25602;-42.2612;16.8453;1.10159;-10.9479;-25.8074;-6.60202
253;0;0.44;18.4377;-0.645898;4.14919;38.2846;-5.60791;-4.105;34.2186;-1.70542;-16.6985;26.2383;-0.587955;0.893256;32.5819;-25.8231;29.0512;28.4503;-11.7258;-50.7286;7.98644;-0.922902;-0.399942;1.91664;-0.955278;-7.28012;-2.72211;-0.141882;-6.13196;-0.143594;-0.01357;0.005667;-0.305589;-0.02194;0.549712;0.192665;0.171329;1.50207;-203.98;1289.94;-38.7156;1107.91;834.203;367.684;-11.3091;826.144;-357.612;-13.9168;-0;1.2744;-44.8428;15.5137;1.1753;-11.0122;-28.0629;-6.51444
254;0;0.45;18.9537;-0.45641;3.51458;39.8984;-5.71046;-3.60428;35.8143;-2.04817;-16.8084;26.6678;-0.041027;-0.841313;34.0982;-26.8527;29.8087;30.242;-11.5465;-50.152;7.96632;-0.896671;-0.431601;1.96174;-0.907678;-7.2525;-2.84345;-0.102444;-6.04977;-0.143595;-0.013598;0.004607;-0.314772;-0.016577;0.54328;0.215452;0.189557;1.49971;-193.219;1272.91;-48.1231;1098.69;841.616;364.758;36.8718;826.756;-384.288;-13.9086;-0;1.29449;-47.1837;14.5566;1.25734;-12.8923;-28.3737;-6.69438
255;0;0.46;19.441;-0.278508;2.91794;41.4946;-5.78977;-3.2061;37.4466;-2.39663;-16.8562;27.082;0.508025;-2.58099;35.6122;-27.8844;30.5188;32.085;-11.3057;-49.5568;7.88332;-0.863553;-0.469612;1.97493;-0.852636;-7.16813;-2.94048;-0.060548;-5.90115;-0.143329;-0.013916;0.004046;-0.320062;-0.014421;0.535816;0.246636;0.208814;1.49185;-179.608;1245.03;-57.0028;1074.11;840.852;357.877;93.4443;820.645;-406.825;-13.8955;-0;1.30727;-48.853;14.0202;1.33929;-17.7283;-27.4192;-7.22194
256;0;0.47;19.8993;-0.111998;2.35891;43.0721;-5.84766;-2.90215;39.1071;-2.74985;-16.8543;27.4831;1.06257;-4.333;37.1299;-28.9085;31.1837;33.968;-11.0066;-48.9386;7.77081;-0.825333;-0.507677;1.97201;-0.792992;-7.05691;-3.01617;-0.014856;-5.72013;-0.142746;-0.014428;0.004259;-0.320899;-0.015376;0.528159;0.288033;0.23196;1.47943;-163.05;1207.15;-63.8611;1040.76;831.112;348.492;152.999;808.952;-423.82;-13.8781;-0;1.30792;-49.6201;13.844;1.41645;-25.9351;-25.9606;-8.071
257;0;0.48;20.3291;0.04289;1.83847;44.6292;-5.8911;-2.68058;40.7853;-3.10605;-16.8213;27.8742;1.62355;-6.09668;38.6576;-29.9126;31.8003;35.8765;-10.656;-48.2936;7.6761;-0.786697;-0.543358;1.97092;-0.733874;-6.96275;-3.08678;0.034921;-5.55216;-0.141812;-0.015049;0.005532;-0.316864;-0.019625;0.521337;0.342185;0.260459;1.46448;-145.844;1169.67;-69.9154;1008.73;820.542;338.861;211.449;799.122;-439.87;-13.8545;0;1.30136;-49.2809;14.026;1.49242;-38.0012;-24.562;-9.22644
258;0;0.49;20.7315;0.185677;1.35841;46.1635;-5.93133;-2.5267;42.4678;-3.4631;-16.779;28.2588;2.18895;-7.86203;40.2008;-30.8817;32.3606;37.7923;-10.264;-47.6209;7.64263;-0.754556;-0.57751;1.98682;-0.682134;-6.92657;-3.17332;0.087341;-5.43707;-0.140583;-0.015675;0.007811;-0.308553;-0.026648;0.516257;0.409158;0.296024;1.44875;-131.618;1149;-77.0094;988.055;822.464;333.095;266.223;802.065;-462.688;-13.8268;0;1.29428;-47.9123;14.4438;1.57204;-53.5432;-23.8215;-10.5625
259;0;0.5;21.1082;0.315743;0.920942;47.6725;-5.98266;-2.42402;44.1388;-3.81869;-16.7501;28.6398;2.75376;-9.60993;41.7621;-31.8;32.8522;39.6936;-9.84348;-46.9236;7.69582;-0.732469;-0.612822;2.02776;-0.641016;-6.97272;-3.29419;0.14238;-5.39574;-0.139161;-0.016151;0.010932;-0.296977;-0.035843;0.51359;0.488064;0.338594;1.43349;-122.097;1153.95;-85.5683;983.438;844.123;334.363;318.445;823.801;-496.79;-13.7948;-0;1.28698;-45.7259;14.9757;1.654;-71.8788;-24.0506;-11.9463
260;0;0.51;21.462;0.43257;0.527905;49.1532;-6.06029;-2.35531;45.7801;-4.17058;-16.7548;29.0185;3.31035;-11.314;43.3406;-32.652;33.2612;41.5555;-9.40952;-46.2096;7.84213;-0.719194;-0.651702;2.09608;-0.609163;-7.10767;-3.45972;0.202507;-5.43161;-0.137682;-0.016402;0.014502;-0.283532;-0.046212;0.513593;0.576533;0.387501;1.41867;-115.946;1180.41;-94.7379;993.903;882.089;342.506;371.758;861.638;-540.909;-13.7561;0;1.2822;-43.0903;15.4721;1.73876;-91.9151;-25.444;-13.2262
261;0;0.52;21.7962;0.536005;0.179877;50.6026;-6.17811;-2.30357;47.3724;-4.51659;-16.8085;29.3945;3.84934;-12.9442;44.9305;-33.4245;33.5756;43.3517;-8.97874;-45.4919;8.07875;-0.71419;-0.694921;2.19228;-0.586015;-7.32848;-3.67485;0.268941;-5.54009;-0.136318;-0.016325;0.018015;-0.270061;-0.056423;0.516084;0.669067;0.439901;1.4037;-111.363;1221.29;-103.862;1017.44;929.878;355.94;428.753;909.565;-591.883;-13.7093;0;1.26981;-40.5048;15.7575;1.81522;-111.97;-27.8274;-14.2579
262;0;0.53;22.1142;0.626409;-0.124317;52.0179;-6.3466;-2.25327;48.8964;-4.85445;-16.92;29.7652;4.36092;-14.471;46.5219;-34.1083;33.7888;45.0564;-8.56841;-44.7873;8.39003;-0.720793;-0.740737;2.31407;-0.575188;-7.61955;-3.9351;0.337865;-5.70689;-0.135257;-0.015912;0.020871;-0.25846;-0.064772;0.520345;0.757749;0.491961;1.38814;-108.242;1275.31;-112.961;1052.84;985.022;374.44;488.011;963.56;-648.334;-13.6559;0;1.24026;-38.5154;15.6393;1.87304;-129.986;-30.8427;-14.9125
263;0;0.54;22.4197;0.705001;-0.388759;53.3963;-6.57142;-2.19082;50.3351;-5.18144;-17.0917;30.1265;4.83648;-15.8708;48.1022;-34.699;33.9014;46.6477;-8.19539;-44.1129;8.7421;-0.742867;-0.78527;2.45395;-0.581049;-7.9477;-4.22435;0.402115;-5.90483;-0.134589;-0.015122;0.022773;-0.249605;-0.069737;0.525398;0.835277;0.540683;1.37066;-106.877;1342.9;-121.713;1097.27;1046.19;398.706;545.497;1020.19;-708.833;-13.5943;-0;1.17464;-37.4158;14.9883;1.89388;-144.347;-34.3728;-15.126
264;0;0.55;22.7161;0.773979;-0.620841;54.7361;-6.85258;-2.10522;51.675;-5.49436;-17.3199;30.4739;5.26983;-17.1289;49.659;-35.1967;33.9217;48.1091;-7.87472;-43.483;9.09053;-0.780149;-0.826085;2.59845;-0.604107;-8.27051;-4.51854;0.455891;-6.09798;-0.134406;-0.014017;0.023435;-0.244146;-0.070145;0.530432;0.896316;0.58416;1.35128;-105.391;1417;-128.598;1143.37;1106.19;427.673;599.24;1072.36;-767.649;-13.5319;-0;1.06363;-37.449;13.7542;1.8689;-153.918;-38.3275;-14.9091
265;0;0.56;23.0062;0.836484;-0.831122;56.0363;-7.1847;-1.98836;52.9075;-5.78953;-17.5957;30.8036;5.65819;-18.2412;51.1816;-35.6058;33.8652;49.4317;-7.61836;-42.9065;9.39886;-0.827645;-0.866108;2.73069;-0.640109;-8.55568;-4.80132;0.497709;-6.25549;-0.134695;-0.01259;0.022951;-0.241403;-0.065312;0.534617;0.937908;0.622303;1.32851;-99.7096;1483.68;-132.136;1180.55;1153.3;457.407;653.511;1110.71;-816.04;-13.4767;-0;0.896055;-38.513;11.9505;1.78852;-158.312;-42.977;-14.3003
266;0;0.57;23.2924;0.896685;-1.03363;57.2968;-7.55755;-1.83437;54.0287;-6.06279;-17.9064;31.1134;6.00241;-19.2148;52.6628;-35.9337;33.7523;50.6138;-7.43424;-42.3863;9.65704;-0.878269;-0.913933;2.83868;-0.682384;-8.79733;-5.07172;0.530447;-6.36564;-0.135455;-0.010944;0.021398;-0.240909;-0.055159;0.537645;0.960149;0.655406;1.30314;-86.4601;1533.51;-133.58;1200.69;1181.97;482.969;716.462;1130.92;-850.354;-13.4461;-0;0.680862;-40.5215;9.65599;1.66218;-157.713;-48.3954;-13.3851
267;0;0.58;23.5763;0.959465;-1.24479;58.519;-7.95769;-1.63932;55.0398;-6.30994;-18.2367;31.4039;6.3069;-20.066;54.0994;-36.1907;33.6064;51.6606;-7.32532;-41.9195;9.88377;-0.92518;-0.978778;2.92056;-0.723962;-9.01684;-5.34621;0.56079;-6.43908;-0.136639;-0.009134;0.01901;-0.241668;-0.040072;0.539207;0.964875;0.684724;1.27495;-65.0352;1570.13;-137.318;1202.2;1200.06;501.566;796.1;1138.8;-877.331;-13.4583;-0;0.432153;-43.2204;6.96302;1.50474;-152.743;-54.7264;-12.2339
268;0;0.59;23.8597;1.03026;-1.48286;59.7053;-8.36997;-1.4002;55.9464;-6.52682;-18.57;31.6789;6.57904;-20.8186;55.4921;-36.3883;33.4518;52.5829;-7.28932;-41.4984;10.1157;-0.963914;-1.06177;2.99;-0.759543;-9.24844;-5.64423;0.59648;-6.50407;-0.138184;-0.007329;0.016012;-0.243122;-0.021062;0.539467;0.95615;0.711279;1.2453;-36.2926;1606.29;-147.545;1190.48;1223;514.366;894.352;1146.46;-909.282;-13.5293;-0;0.184134;-46.4033;4.0145;1.34903;-144.424;-61.8303;-10.9548
269;0;0.6;24.1441;1.11464;-1.76653;60.8591;-8.77952;-1.11456;56.757;-6.70953;-18.89;31.9453;6.82845;-21.5014;56.8446;-36.5396;33.3117;53.3951;-7.31898;-41.1124;10.389;-0.994841;-1.15407;3.07007;-0.787983;-9.52163;-5.97886;0.641331;-6.59296;-0.139974;-0.005599;0.012667;-0.244458;0.000639;0.538536;0.939213;0.7363;1.21492;0.210068;1652.26;-164.56;1173.23;1260.54;525.334;1007.91;1162.77;-953.258;-13.6646;0;-0.033883;-49.7675;0.913746;1.22324;-133.996;-69.5673;-9.6046
270;0;0.61;24.4315;1.21804;-2.11405;61.9844;-9.17365;-0.779477;57.4822;-6.85471;-19.1822;32.2132;7.06591;-22.1453;58.1625;-36.6578;33.2065;54.1138;-7.40259;-40.7505;10.7255;-1.02373;-1.24249;3.18316;-0.813153;-9.85052;-6.35337;0.692711;-6.72941;-0.141867;-0.004075;0.009219;-0.245407;0.023557;0.536719;0.919175;0.760152;1.18517;46.8339;1710.01;-184.803;1155.92;1310.98;538.7;1131.72;1188.59;-1006.55;-13.8585;-0;-0.186043;-53.0916;-2.22596;1.1605;-122.659;-77.5227;-8.25381
271;0;0.62;24.7246;1.34539;-2.54181;63.0855;-9.54296;-0.391771;58.1333;-6.95954;-19.4347;32.4948;7.3025;-22.7807;59.4516;-36.7567;33.1528;54.755;-7.52517;-40.403;11.1285;-1.05749;-1.31706;3.34157;-0.839721;-10.2331;-6.76254;0.744754;-6.92049;-0.143681;-0.002826;0.005907;-0.245576;0.046055;0.534263;0.901474;0.782921;1.15688;105.947;1777.68;-204.477;1140.18;1368.35;557.32;1261.94;1221.1;-1063.13;-14.0908;-0;-0.245741;-56.1194;-5.28944;1.1846;-111.687;-85.265;-6.96406
272;0;0.63;25.0273;1.50072;-3.06317;64.1663;-9.88234;0.051768;58.7211;-7.02191;-19.6392;32.8039;7.54854;-23.4348;60.7173;-36.8492;33.1625;55.3333;-7.66982;-40.0628;11.5865;-1.09888;-1.37121;3.54875;-0.868173;-10.655;-7.19455;0.793886;-7.15973;-0.14524;-0.001835;0.002975;-0.244769;0.067014;0.531502;0.889743;0.804719;1.13098;178.31;1854.65;-222.095;1125.63;1430.15;582.384;1394.81;1258.89;-1120.57;-14.3329;-0;-0.201711;-58.6302;-8.2485;1.30507;-101.979;-92.4705;-5.71953
273;0;0.64;25.3442;1.68688;-3.6873;65.23;-10.1908;0.553393;59.2551;-7.0404;-19.7912;33.1546;7.81294;-24.1302;61.9629;-36.9476;33.2418;55.8599;-7.81922;-39.727;12.0879;-1.14567;-1.4;3.80616;-0.89346;-11.1028;-7.63854;0.842128;-7.44052;-0.146411;-0.001115;0.000596;-0.24302;0.08515;0.528785;0.88735;0.824736;1.10807;263.069;1941.53;-237.895;1112.73;1497.65;614.025;1526.17;1303.05;-1180.39;-14.5535;0;-0.048769;-60.482;-10.9998;1.52542;-94.3896;-98.7004;-4.57479
274;0;0.65;25.6811;1.9053;-4.41841;66.2783;-10.4706;1.11332;59.7426;-7.01437;-19.8894;33.5599;8.1026;-24.883;63.19;-37.0624;33.3913;56.3424;-7.95698;-39.3965;12.6278;-1.19257;-1.39964;4.11711;-0.907112;-11.5688;-8.08582;0.896306;-7.76034;-0.147132;-0.000553;-0.001089;-0.240503;0.100082;0.526476;0.894967;0.84291;1.08913;358.444;2037.83;-252.256;1103.59;1572.41;651.779;1651.33;1355.32;-1244.71;-14.7247;-0;0.194867;-61.5814;-13.5564;1.82853;-89.216;-103.813;-3.48372
275;0;0.66;26.0441;2.15565;-5.25453;67.3114;-10.7257;1.72802;60.188;-6.94386;-19.9352;34.0313;8.42214;-25.7022;64.3975;-37.202;33.6062;56.7843;-8.06891;-39.0757;13.1995;-1.23373;-1.36986;4.47997;-0.900188;-12.0457;-8.53132;0.963552;-8.11424;-0.147401;-0.00002;-0.001963;-0.237404;0.111623;0.524997;0.91303;0.859197;1.07508;461.847;2140.58;-264.959;1099.8;1653.77;694.664;1767.19;1416.1;-1313.73;-14.8239;-0;0.496646;-61.8702;-15.8877;2.18465;-86.6805;-107.799;-2.43587
276;0;0.67;26.4389;2.43579;-6.18734;68.3268;-10.96;2.38908;60.5929;-6.82966;-19.9311;34.5772;8.77372;-26.5899;65.5819;-37.3727;33.8763;57.1854;-8.14372;-38.7719;13.7874;-1.26359;-1.31716;4.8825;-0.865476;-12.5207;-8.96738;1.04894;-8.48595;-0.147301;0.000605;-0.00199;-0.234323;0.120043;0.524792;0.940063;0.87378;1.06747;570.015;2245.11;-275.75;1100.06;1739.15;740.909;1873.14;1484.18;-1385.81;-14.8382;0;0.812572;-61.4087;-17.967;2.55429;-86.6148;-110.729;-1.4394
277;0;0.68;26.8699;2.74171;-7.20207;69.3197;-11.1754;3.08237;60.9555;-6.67314;-19.8789;35.2023;9.15714;-27.5416;66.7374;-37.5786;34.1877;57.5423;-8.17348;-38.4947;14.368;-1.27739;-1.25615;5.3003;-0.799121;-12.9779;-9.3868;1.15393;-8.84847;-0.146955;0.001459;-0.001202;-0.232033;0.125873;0.526286;0.974699;0.88724;1.06841;679.941;2346.39;-285.144;1098.9;1825.1;787.81;1973.4;1557.32;-1458.63;-14.7613;0;1.08408;-60.3235;-19.7523;2.88551;-88.7781;-112.784;-0.534572
278;0;0.69;27.3389;3.06787;-8.27874;70.2822;-11.3703;3.78861;61.2716;-6.4762;-19.7785;35.9063;9.57001;-28.5471;67.8557;-37.8218;34.5239;57.8492;-8.15359;-38.2547;14.9255;-1.27485;-1.20411;5.70894;-0.704119;-13.4101;-9.78993;1.27598;-9.17856;-0.146504;0.002669;0.000326;-0.231518;0.129918;0.529859;1.01453;0.900312;1.08066;790.03;2441.2;-294.469;1089.93;1907.97;832.588;2075.84;1632.56;-1529.71;-14.5934;0;1.2438;-58.8099;-21.2013;3.11922;-92.7261;-114.175;0.212729
279;0;0.7;27.8436;3.40778;-9.39425;71.2038;-11.5382;4.48479;61.5341;-6.24113;-19.6263;36.6831;10.008;-29.5918;68.9259;-38.1029;34.8675;58.0985;-8.08252;-38.0632;15.4629;-1.26432;-1.17179;6.09867;-0.592214;-13.8246;-10.1848;1.40587;-9.47239;-0.146079;0.004201;0.002475;-0.234067;0.132615;0.535736;1.05812;0.913368;1.1071;900.78;2529.45;-304.982;1070.43;1983.68;873.778;2187.61;1705.82;-1595.83;-14.34;-0;1.23538;-57.1636;-22.1648;3.20639;-98.1675;-114.93;0.601225
280;0;0.71;28.377;3.75473;-10.5252;72.0713;-11.6679;5.14703;61.7345;-5.97057;-19.4145;37.52;10.4651;-30.658;69.9344;-38.422;35.2028;58.2816;-7.96136;-37.9312;15.9998;-1.26334;-1.1549;6.48173;-0.481657;-14.2363;-10.581;1.52767;-9.74832;-0.145808;0.005977;0.005029;-0.241146;0.13424;0.544018;1.10456;0.926824;1.15078;1014.25;2613.99;-316.377;1044.32;2047.57;912.462;2309.7;1772.18;-1652.25;-14.0165;0;1.00909;-55.7559;-22.482;3.1052;-104.878;-114.977;0.376531
281;0;0.72;28.9259;4.10275;-11.6509;72.8693;-11.7434;5.75417;61.8625;-5.66738;-19.1308;38.397;10.934;-31.7262;70.8648;-38.7789;35.5182;58.3889;-7.79358;-37.8701;16.5599;-1.29215;-1.1335;6.88676;-0.388852;-14.6568;-10.9811;1.62369;-10.0401;-0.145771;0.007788;0.0078;-0.254054;0.134895;0.554369;1.15236;0.940083;1.21364;1132.28;2699.53;-326.147;1021.53;2096.38;952.382;2434.5;1828.04;-1694.28;-13.6476;0;0.539906;-54.9535;-21.9874;2.79673;-112.593;-114.032;-0.734231
282;0;0.73;29.4716;4.44755;-12.757;73.581;-11.7466;6.29202;61.9075;-5.33477;-18.7604;39.2871;11.4065;-32.7767;71.6979;-39.174;35.8084;58.4107;-7.58464;-37.8902;17.1588;-1.36324;-1.08061;7.34305;-0.318949;-15.087;-11.3756;1.68277;-10.3794;-0.146063;0.009263;0.010542;-0.274086;0.134016;0.566265;1.20141;0.952435;1.29673;1255.14;2790.88;-330.595;1013.08;2130.87;998.249;2548.78;1873.77;-1720.29;-13.2773;-0;-0.15909;-55.161;-20.4613;2.29767;-121.324;-111.621;-3.07883
283;0;0.74;29.9905;4.78719;-13.8366;74.189;-11.6586;6.75689;61.8586;-4.97642;-18.2876;40.1569;11.874;-33.7903;72.4121;-39.6082;36.077;58.3372;-7.34214;-38.001;17.7984;-1.47674;-0.97289;7.86622;-0.263775;-15.5185;-11.7474;1.70433;-10.7857;-0.14671;0.010054;0.01307;-0.301515;0.130895;0.57867;1.25115;0.962364;1.39856;1381.33;2891.44;-326.356;1025.93;2156.1;1053.73;2640.06;1914.04;-1732.86;-12.9616;-0;-1.04524;-56.5771;-17.7621;1.65206;-131.092;-107.25;-6.86597
284;0;0.75;30.4565;5.12238;-14.892;74.6758;-11.4643;7.15843;61.7055;-4.59687;-17.7001;40.9692;12.3271;-34.7489;72.9833;-40.0829;36.337;58.1588;-7.07585;-38.211;18.4647;-1.62351;-0.797261;8.45178;-0.207737;-15.9366;-12.0754;1.69511;-11.2598;-0.147771;0.009686;0.015096;-0.336459;0.124658;0.590234;1.30041;0.967753;1.51631;1508.3;3001.74;-311.304;1060.09;2178.23;1119.92;2701.03;1954.94;-1736.44;-12.7767;-0;-2.02464;-59.3736;-13.8323;0.950062;-141.826;-100.244;-12.2161
285;0;0.76;30.8431;5.45636;-15.9328;75.025;-11.1557;7.52059;61.4387;-4.20181;-16.9935;41.6856;12.7564;-35.6354;73.3859;-40.5989;36.612;57.866;-6.79803;-38.5258;19.1296;-1.7896;-0.553744;9.07476;-0.1343;-16.3221;-12.3368;1.66408;-11.7837;-0.149195;0.007898;0.016464;-0.377412;0.114478;0.599312;1.34782;0.966513;1.64444;1633.09;3118.45;-284.858;1108.48;2201.35;1194.63;2730.96;2000.88;-1734.64;-12.7965;-0;-2.98508;-63.3289;-8.75527;0.296119;-153.516;-90.2165;-18.9634
286;0;0.77;31.128;5.79396;-16.9736;75.2219;-10.736;7.87978;61.0496;-3.79854;-16.1764;42.2711;13.1518;-36.4336;73.5933;-41.1552;36.9345;57.4499;-6.52364;-38.9484;19.7593;-1.95941;-0.254624;9.69707;-0.029852;-16.6604;-12.5161;1.62128;-12.3289;-0.150885;0.00445;0.017015;-0.422329;0.099684;0.604326;1.3917;0.956321;1.77625;1752.27;3235.03;-247.79;1160.19;2226.8;1273.03;2735.17;2053.74;-1729.09;-13.0837;0;-3.78379;-68.0484;-2.73609;-0.183723;-166.093;-76.8697;-26.7502
287;0;0.78;31.2955;6.14013;-18.0284;75.2534;-10.2234;8.28024;60.5313;-3.39604;-15.2752;42.6974;13.5023;-37.1266;73.5784;-41.7475;37.3437;56.9018;-6.2705;-39.4772;20.326;-2.11799;0.079301;10.2782;0.114716;-16.9468;-12.6077;1.57675;-12.866;-0.152563;-0.000567;0.016735;-0.468041;0.080183;0.603768;1.4299;0.935359;1.90458;1862.05;3343.08;-201.765;1204.87;2253.53;1348.97;2721.61;2112.72;-1719.38;-13.6551;-0;-4.29679;-72.7917;3.84406;-0.389856;-179.377;-60.342;-34.9131
288;0;0.79;31.34;6.49787;-19.1046;75.1086;-9.6522;8.76647;59.8777;-3.00513;-14.3367;42.9464;13.7956;-37.6962;73.3142;-42.3657;37.8811;56.2137;-6.05893;-40.1061;20.8104;-2.25425;0.427799;10.7871;0.30269;-17.1825;-12.6125;1.53858;-13.3747;-0.153777;-0.006749;0.015714;-0.510882;0.056637;0.596651;1.46032;0.902415;2.02241;1958.31;3434.24;-149.106;1237.16;2279.45;1416.47;2695;2174.44;-1703.73;-14.4576;-0;-4.44279;-76.6048;10.4526;-0.273834;-193.045;-41.2069;-42.5608
289;0;0.8;31.2659;6.8656;-20.1958;74.7778;-9.07279;9.37331;59.0843;-2.63802;-13.4286;43.0104;14.0176;-38.1211;72.7739;-42.9926;38.5855;55.3777;-5.91114;-40.8235;21.1931;-2.36425;0.781577;11.2073;0.530075;-17.3601;-12.5215;1.50986;-13.8443;-0.153791;-0.01325;0.014415;-0.546893;0.030304;0.582678;1.4812;0.857357;2.12484;2036.65;3502;-92.4981;1258.63;2302.51;1471.15;2649.54;2233.36;-1679.77;-15.3358;0;-4.22609;-78.3212;16.518;0.120048;-206.66;-20.6063;-48.68
290;0;0.81;31.0853;7.23454;-21.2747;74.2518;-8.54811;10.1163;58.1469;-2.30797;-12.6369;42.8892;14.1517;-38.3753;71.9312;-43.6024;39.4856;54.3861;-5.84983;-41.6137;21.4487;-2.45057;1.13896;11.5313;0.784;-17.4586;-12.3148;1.48905;-14.265;-0.151675;-0.018744;0.013517;-0.572338;0.003591;0.562436;1.4906;0.801541;2.20973;2093.38;3542.94;-34.3055;1274.53;2320.91;1511.37;2571.81;2284.15;-1645.02;-16.0301;0;-3.75983;-76.7052;21.3418;0.636358;-219.345;-0.26249;-52.1262
291;0;0.82;30.8121;7.58664;-22.289;73.5202;-8.14759;10.9848;57.0616;-2.02846;-12.0599;42.582;14.1784;-38.4255;70.76;-44.1605;40.5931;53.2306;-5.89637;-42.4579;21.5578;-2.52048;1.49737;11.7587;1.04219;-17.4591;-11.9758;1.47207;-14.6287;-0.146437;-0.021535;0.014003;-0.584397;-0.020582;0.53733;1.48666;0.73726;2.27818;2127.08;3557;23.6291;1291.03;2332.79;1538.14;2448.89;2323.02;-1596.97;-16.1979;0;-3.25963;-70.6062;24.2413;1.02016;-229.791;17.7983;-51.8273
292;0;0.83;30.4529;7.89331;-23.16;72.5695;-7.93886;11.9389;55.8235;-1.8125;-11.7988;42.0769;14.0736;-38.2275;69.2343;-44.6237;41.894;51.9023;-6.06834;-43.3374;21.5233;-2.58309;1.84999;11.8972;1.27591;-17.3613;-11.5065;1.45507;-14.9334;-0.137297;-0.019888;0.017095;-0.581631;-0.038508;0.509963;1.46708;0.668785;2.33632;2139.4;3547.11;79.0727;1314.6;2337.14;1553.43;2274.73;2347.45;-1534.47;-15.4715;-0;-2.98998;-59.106;24.4678;0.976284;-236.087;31.2636;-46.7998
293;0;0.84;29.9961;8.11558;-23.784;71.3811;-7.9788;12.9122;54.4253;-1.6716;-11.9484;41.3382;13.8086;-37.7212;67.3272;-44.9417;43.3424;50.3903;-6.37681;-44.237;21.3744;-2.64476;2.18507;11.958;1.45453;-17.1921;-10.9366;1.43577;-15.1829;-0.124023;-0.012563;0.02412;-0.564526;-0.04672;0.483423;1.42845;0.60017;2.39221;2134.56;3518.72;129.262;1349.97;2334.99;1559.17;2054.95;2356.5;-1459.42;-13.5408;0;-3.17452;-41.6966;21.3019;0.26641;-235.755;38.2256;-36.3533
294;0;0.85;29.4021;8.20617;-24.0366;69.9267;-8.30339;13.8168;52.8561;-1.61439;-12.5839;40.2987;13.3481;-36.8234;65.0107;-45.0579;44.8525;48.6805;-6.82381;-45.1484;21.1608;-2.7089;2.49208;11.9534;1.54834;-17.001;-10.3197;1.41264;-15.3886;-0.107154;0.000504;0.036633;-0.535537;-0.042719;0.461841;1.3673;0.535829;2.4566;2118.32;3479.36;172.522;1399.84;2329.2;1557.86;1805.26;2351.3;-1376.27;-10.2305;-0;-3.88346;-18.302;14.108;-1.17209;-226.353;37.1547;-20.2103
295;0;0.86;28.5972;8.11293;-23.7766;68.165;-8.91637;14.5482;51.0986;-1.64482;-13.7467;38.859;12.6506;-35.4189;62.2555;-44.91;46.2927;46.7543;-7.40015;-46.0732;20.9391;-2.77927;2.77066;11.8935;1.52855;-16.8468;-9.71731;1.3824;-15.567;-0.088224;0.01734;0.056298;-0.499274;-0.02689;0.449816;1.28042;0.478163;2.53812;2096.42;3437.57;209.359;1465.64;2323.2;1552.67;1545.42;2334.31;-1290.54;-5.56606;0;-4.9092;10.647;2.69796;-3.09535;-206.329;27.4028;1.08232
296;0;0.87;27.4752;7.78397;-22.8508;66.0363;-9.77746;14.9882;49.1278;-1.75938;-15.4286;36.9011;11.669;-33.349;59.0317;-44.4279;47.4766;44.5868;-8.08482;-47.0246;20.7562;-2.86088;3.03575;11.7808;1.36696;-16.7823;-9.18505;1.33915;-15.7382;-0.069771;0.033323;0.084799;-0.462038;-0.004224;0.452644;1.16706;0.427092;2.64175;2073;3401.21;242.564;1547.83;2319.74;1546.27;1293.97;2308.43;-1207.48;0.201931;-0;-5.68134;44.3195;-11.8056;-4.86123;-176.715;9.04509;25.4071
297;0;0.88;25.9086;7.17387;-21.0984;63.46;-10.79;15.0032;46.9094;-1.94359;-17.5549;34.3153;10.3522;-30.397;55.3138;-43.5304;48.1542;42.1467;-8.84572;-48.0252;20.6361;-2.95598;3.31617;11.5991;1.03678;-16.8412;-8.75524;1.27501;-15.9145;-0.055543;0.040545;0.122957;-0.432755;0.013165;0.476629;1.03036;0.376629;2.76646;2049.16;3375.71;277.575;1644.44;2319.66;1539.67;1064.78;2277.21;-1130.94;6.533;-0;-5.13239;81.1776;-24.8159;-5.29672;-143.6;-16.0311;47.1728
298;0;0.89;23.7695;6.25143;-18.3647;60.3394;-11.7953;14.4479;44.4018;-2.16784;-19.973;31.0379;8.65051;-26.2804;51.089;-42.1217;48.0077;39.3988;-9.64231;-49.1013;20.5703;-3.05366;3.65081;11.3024;0.519615;-17.0262;-8.42525;1.18077;-16.0913;-0.051159;0.027901;0.16724;-0.426622;0.005739;0.529265;0.878343;0.312558;2.91047;2021.9;3362.1;323.252;1748.96;2321.02;1530.91;865.81;2245.55;-1062.25;12.3575;0;-1.47591;117.65;-26.0464;-2.49737;-119.643;-40.43;55.4321
299;0;0.9;20.9514;5.01011;-14.5396;56.5754;-12.5831;13.1846;41.5617;-2.38374;-22.4533;27.0837;6.52573;-20.6718;46.3713;-40.0941;46.6752;36.3101;-10.4302;-50.2731;20.5071;-3.11344;4.08102;10.8073;-0.17689;-17.2951;-8.14924;1.04337;-16.2331;-0.065225;-0.016251;0.201856;-0.472671;-0.050523;0.618814;0.721732;0.209316;3.08435;1983.44;3354.19;392.542;1846.68;2318.48;1513.62;700.581;2219.01;-997.966;15.7565;0;7.68601;144.678;-1.27444;6.01754;-119.022;-42.4901;36.291
300;0;0.91;17.3795;3.48353;-9.64185;52.0931;-12.9259;11.1391;38.3547;-2.52424;-24.7086;22.5429;3.96697;-13.2971;41.2165;-37.3466;43.8491;32.8585;-11.1658;-51.5457;20.3454;-3.05416;4.63684;10.0061;-0.993555;-17.5478;-7.84074;0.842013;-16.2645;-0.109919;-0.095411;0.188169;-0.620196;-0.172161;0.750944;0.54724;0.030525;3.32238;1921.72;3336.2;500.63;1910.83;2302.73;1476.33;572.259;2198.48;-926.133;14.15;0;23.4889;142.25;57.9583;21.4449;-134.033;21.1889;-14.9192
301;0;0.92;13.002;1.76626;-3.95316;46.869;-12.6395;8.38407;34.7671;-2.51048;-26.4325;17.5046;1.01153;-4.17204;35.7337;-33.8216;39.4747;29.0424;-11.811;-52.9059;19.9365;-2.77036;5.31657;8.82775;-1.80098;-17.626;-7.38279;0.548427;-16.084;-0.195777;-0.192032;0.075486;-0.910821;-0.356115;0.928036;0.29218;-0.243202;3.65191;1822.37;3282.06;656.805;1905.31;2261.84;1403.11;480.918;2168.67;-825.596;5.32703;0;42.2392;84.7856;147.162;40.2664;-113.087;192.069;-79.5491
302;0;0.93;7.79189;0.032005;1.87506;40.9424;-11.6532;5.1881;30.8159;-2.26695;-27.3501;11.9211;-2.22571;6.06395;30.0893;-29.5414;33.95;24.8884;-12.3335;-54.3253;19.1024;-2.19883;6.05738;7.32767;-2.422;-17.3308;-6.63175;0.148375;-15.591;-0.316568;-0.26756;-0.135577;-1.27707;-0.575004;1.15026;-0.092767;-0.54775;3.99415;1671.36;3158.07;849.399;1798.35;2183.26;1277.82;405.079;2092.01;-676.316;-10.9002;0;55.3898;-23.1889;251.675;54.3778;-4.07378;437.2;-121.982
303;0;0.94;1.82378;-1.47714;6.91845;34.3998;-10.0668;1.93987;26.5568;-1.74219;-27.2748;5.55396;-5.50074;16.0217;24.4816;-24.6156;28.0646;20.4591;-12.7073;-55.7651;17.6819;-1.41801;6.69657;5.70359;-2.71377;-16.4721;-5.4536;-0.315122;-14.6838;-0.439221;-0.278027;-0.351732;-1.51199;-0.753084;1.3995;-0.519001;-0.726385;4.16508;1461.72;2931.49;1031.55;1575.49;2051.09;1091.35;296.73;1924.81;-478.489;-31.2057;0;55.0253;-128.662;338.071;56.8033;162.757;622.461;-118.965
304;0;0.95;-4.59285;-2.53094;10.3794;27.357;-8.16911;-1.03373;22.088;-0.927873;-26.1639;-1.7773;-8.39361;24.0467;19.0815;-19.2209;22.5984;15.8572;-12.9122;-57.1808;15.6118;-0.661264;6.97064;4.1792;-2.64468;-14.9267;-3.83461;-0.721585;-13.2419;-0.521168;-0.182653;-0.487332;-1.49733;-0.774462;1.62519;-0.834496;-0.667627;4.07205;1207.07;2584.14;1129.06;1241.18;1845.78;849.548;120.811;1651.02;-263.885;-50.3923;0;37.5288;-197.957;356.37;45.0222;318.446;626.271;-77.9937
305;0;0.96;-10.9301;-3.04595;12.0438;19.9794;-6.38076;-3.60834;17.5505;0.132705;-24.1573;-9.70838;-10.4224;29.1218;13.9891;-13.5924;17.9581;11.2263;-12.9383;-58.5258;12.9764;-0.150151;6.62494;2.89203;-2.2904;-12.672;-1.9703;-0.924766;-11.1672;-0.536989;-0.009319;-0.539278;-1.29637;-0.618164;1.77816;-0.950749;-0.408041;3.78075;942.914;2124.4;1082.58;826.793;1555.1;578.774;-109.34;1299.2;-83.4666;-64.3285;0;9.21243;-239.384;301.414;25.4567;409.682;451.063;-32.4075
306;0;0.97;-16.7098;-3.14657;12.3665;12.5314;-5.10637;-5.86438;13.1206;1.3543;-21.5692;-17.2437;-11.3712;31.3298;9.24907;-8.02333;14.1609;6.74106;-12.7938;-59.7552;9.97013;0.072027;5.57987;1.88669;-1.78585;-9.81254;-0.231263;-0.863092;-8.49361;-0.481841;0.126508;-0.536098;-0.986065;-0.383928;1.8022;-0.836122;-0.081995;3.36136;700.156;1590.61;890.034;399.487;1185.9;321.573;-338.663;916.778;23.8451;-69.3767;0;-14.2266;-253.993;227.238;10.6593;387.61;203.682;-8.71437
307;0;0.98;-21.741;-3.07195;12.1273;5.38231;-4.55274;-7.99224;8.99089;2.63475;-18.817;-23.4231;-11.44;31.4858;4.90232;-2.83987;11.0281;2.58601;-12.5114;-60.8325;6.86556;0.108646;4.01365;1.16593;-1.26404;-6.62982;1.01241;-0.607183;-5.48667;-0.369785;0.161006;-0.503267;-0.640588;-0.158519;1.66224;-0.544731;0.208726;2.84535;487.825;1046.16;609.163;42.5233;778.821;121.427;-506.247;547.844;52.8412;-62.4771;0;-24.1157;-249.144;178.513;3.38858;266.575;-18.6372;-5.28835
308;0;0.99;-26.0951;-3.03448;12.0069;-1.07216;-4.64491;-10.1778;5.34017;3.8835;-16.3076;-27.9146;-11.0117;30.5058;1.02513;1.65316;8.36064;-1.07222;-12.1494;-61.7347;4.02936;0.073162;2.30931;0.723542;-0.812446;-3.60308;1.6106;-0.292603;-2.65057;-0.230133;0.125015;-0.455018;-0.331732;0.028919;1.39246;-0.175661;0.433244;2.2768;309.278;568.413;326.708;-186.957;410.202;3.89252;-586.733;240.106;31.5834;-43.9083;0;-23.4699;-241.13;158.531;-1.63821;106.95;-187.564;-11.2871
309;0;1;-29.9595;-3.14822;12.3718;-6.51175;-5.10747;-12.517;2.30452;5.0392;-14.3413;-30.9452;-10.4029;29.0753;-2.26563;5.23052;6.02716;-4.1107;-11.7815;-62.4526;1.85254;0.015365;0.885122;0.514202;-0.478375;-1.26735;1.69858;-0.027607;-0.534536;-0.090553;0.070344;-0.395884;-0.099769;0.173346;1.05834;0.179858;0.5838;1.70354;174.899;223.56;114.473;-288.689;151.219;-37.7025;-597.083;33.9538;0.161957;-18.5607;0;-18.402;-237.479;150.284;-7.25661;-39.7232;-308.435;-20.4021
310;0;1.01;-33.5387;-3.43245;13.279;-10.7436;-5.63105;-14.9834;-0.041727;6.07201;-13.0703;-32.9616;-9.79967;27.6152;-4.84287;7.78174;3.98023;-6.46631;-11.4816;-62.9864;0.54277;-0.050449;-0.022372;0.421967;-0.273929;0.088466;1.52326;0.141095;0.587257;0.029457;0.030088;-0.329009;0.041645;0.27388;0.720927;0.450858;0.654766;1.16557;91.2728;31.1484;-4.69193;-312.063;18.2076;-36.7346;-555.311;-68.7067;-18.1632;6.09447;0;-13.8258;-235.576;136.777;-13.2225;-142.42;-387.765;-30.5797
311;0;1.02;-37.0087;-3.84433;14.5809;-13.7025;-6.0003;-17.452;-1.6926;6.97489;-12.5037;-34.3939;-9.28966;26.3473;-6.61763;9.31429;2.23356;-8.14055;-11.3046;-63.341;-0.009814;-0.102003;-0.435745;0.326146;-0.167878;0.583857;1.24004;0.207725;0.850614;0.115785;0.017864;-0.258573;0.098507;0.332999;0.42695;0.594948;0.65016;0.696544;49.0406;-42.0696;-50.5932;-307.201;-23.7325;-25.3286;-462.452;-102.397;-22.6202;23.7519;0;-12.7734;-228.152;108.06;-18.9255;-188.841;-429.031;-41.0586
312;0;1.03;-40.4696;-4.30868;16.0296;-15.4363;-6.13481;-19.7567;-2.70741;7.75121;-12.5316;-35.5532;-8.90201;25.3633;-7.57994;9.9341;0.825679;-9.19522;-11.2732;-63.5269;-0.118771;-0.115313;-0.517542;0.1891;-0.106317;0.578119;0.890364;0.188001;0.626556;0.15755;0.035251;-0.188913;0.092785;0.358097;0.206515;0.606197;0.588613;0.326408;27.6328;-49.46;-54.7111;-286.053;-20.1945;-16.4314;-328.954;-101.494;-19.5138;31.0431;0;-16.1775;-207.677;61.9696;-23.9266;-184.323;-437.22;-50.1516
313;0;1.04;-43.881;-4.73875;17.352;-16.0938;-6.065;-21.7483;-3.20124;8.40624;-12.9538;-36.598;-8.63523;24.6761;-7.81278;9.81841;-0.210016;-9.74231;-11.3726;-63.565;-0.085635;-0.090328;-0.431454;0.046796;-0.05069;0.40381;0.484944;0.113846;0.262553;0.149712;0.076233;-0.122591;0.056567;0.359911;0.070006;0.512835;0.495561;0.073463;9.14525;-33.3619;-41.4252;-235.512;-3.80248;-9.40488;-184.167;-81.7559;-12.092;27.4823;-0;-23.0907;-169.062;2.75658;-27.5407;-148.529;-420.622;-55.1582
314;0;1.05;-47.0123;-5.0543;18.3098;-15.9078;-5.8807;-23.3294;-3.32827;8.94552;-13.5128;-37.5356;-8.47393;24.2566;-7.47609;9.18806;-0.860981;-9.92823;-11.5568;-63.4907;-0.080086;-0.050658;-0.288399;-0.053187;0.007053;0.245115;0.063248;0.023638;-0.037707;0.09773;0.128973;-0.060805;0.020872;0.349405;0.008164;0.363277;0.395072;-0.066804;-14.0152;-16.1767;-24.8299;-148.652;8.35061;-1.07722;-61.6308;-48.3659;-1.28853;15.2227;0;-31.2414;-112.561;-60.8519;-28.8983;-105.995;-389.305;-54.0955
315;0;1.06;-49.4699;-5.19868;18.7444;-15.1638;-5.67974;-24.4576;-3.25769;9.37843;-13.9394;-38.2549;-8.39713;24.0559;-6.77153;8.2779;-1.13903;-9.91176;-11.7637;-63.3508;-0.087705;-0.003412;-0.100627;-0.098718;0.053545;0.081722;-0.292786;-0.05033;-0.280113;0.019949;0.177679;-0.00477;0.005383;0.333647;-0.002912;0.207182;0.30253;-0.120412;-33.9115;-0;-4.96402;-46.2543;18.9781;7.1427;22.0363;-2.62989;11.1421;-1.31849;0;-37.8109;-45.4076;-117.851;-27.4993;-75.0372;-351.378;-47.1782
316;0;1.07;-50.833;-5.1452;18.5837;-14.1565;-5.53348;-25.1294;-3.14607;9.72088;-14.0054;-38.5944;-8.3807;24.0128;-5.90265;7.30477;-1.07966;-9.83828;-11.9329;-63.1913;-0.20738;0.003416;-0.038996;-0.087512;0.099447;0.10079;-0.569513;-0.08882;-0.282439;-0.057548;0.207162;0.042667;0.014588;0.314828;0.008832;0.082393;0.224076;-0.122119;-57.522;0;-1.01559;59.6867;14.7085;16.7971;65.0356;39.6168;21.1986;-16.7267;0;-40.4539;19.9859;-158.071;-23.6774;-62.2412;-311.502;-36.671
317;0;1.08;-50.8394;-4.88637;17.8014;-13.1414;-5.47631;-25.3629;-3.11285;9.99214;-13.5732;-38.4284;-8.39738;24.0565;-5.04194;6.43778;-0.741544;-9.81649;-12.0184;-63.044;-0.275996;0.014587;0.006543;-0.04736;0.131766;0.106858;-0.68716;-0.082975;-0.245677;-0.11135;0.208471;0.078069;0.042423;0.292025;0.021103;0.008937;0.160134;-0.100735;-69.3898;0;3.31856;135.764;18.1314;22.1425;73.0066;85.7422;27.7316;-26.4734;0;-38.1727;71.2922;-175.43;-18.5068;-65.1672;-271.808;-25.4387
318;0;1.09;-49.5129;-4.42098;16.3768;-12.2984;-5.51369;-25.1929;-3.22582;10.2074;-12.6236;-37.7357;-8.41933;24.114;-4.31037;5.77905;-0.20595;-9.90488;-11.9943;-62.9169;-0.2793;0.03321;0.033944;0.014095;0.152356;0.091133;-0.637943;-0.032869;-0.193273;-0.129406;0.18227;0.099758;0.081125;0.264524;0.021922;-0.006189;0.109833;-0.071929;-66.6636;0;6.52795;172.406;28.2085;21.7072;49.4325;131.398;28.6613;-28.3893;-0;-31.6014;101.633;-169.854;-13.2561;-79.9021;-233.891;-15.6239
319;0;1.1;-47.1714;-3.76045;14.3171;-11.7162;-5.63509;-24.6837;-3.49962;10.3718;-11.2547;-36.6234;-8.42507;24.129;-3.7703;5.35997;0.42777;-10.1122;-11.8539;-62.7957;-0.225708;0.050203;0.052017;0.098717;0.156901;0.048202;-0.437998;0.052752;-0.146198;-0.113114;0.137344;0.108839;0.124752;0.232488;0.008391;0.032704;0.071773;-0.044562;-51.1188;-0;6.93731;175.47;37.8095;16.1534;-9.59802;171.463;23.7856;-23.0009;0;-22.541;111.094;-146.362;-8.8369;-103.883;-198.899;-8.20485
320;0;1.11;-44.3231;-2.95148;11.74;-11.4006;-5.82058;-23.9458;-3.90466;10.4793;-9.65183;-35.2973;-8.4076;24.0833;-3.42973;5.15271;1.05431;-10.4092;-11.6071;-62.6525;-0.138533;0.051657;0.071449;0.206083;0.140647;-0.019724;-0.130939;0.157903;-0.115063;-0.073652;0.085977;0.107766;0.167282;0.196346;-0.015639;0.108599;0.043102;-0.023212;-27.7876;0;3.59895;158.816;39.0034;7.51378;-103.894;200.393;14.2595;-12.8306;-0;-13.1149;104.383;-112.422;-5.61281;-133.459;-166.729;-3.24853
321;0;1.12;-41.5011;-2.08752;8.93129;-11.2981;-6.04057;-23.1359;-4.38334;10.5187;-8.03864;-33.9991;-8.37727;24.0039;-3.25477;5.09134;1.58059;-10.747;-11.2764;-62.4586;-0.04599;0.032276;0.095616;0.324609;0.10773;-0.099547;0.215009;0.265003;-0.100346;-0.026192;0.038434;0.098725;0.20129;0.155383;-0.042686;0.195997;0.017217;-0.01276;-2.93737;0;-2.88156;135.963;29.6228;-1.76378;-219.237;216.188;2.38185;-1.24776;-0;-4.93608;87.708;-74.9293;-3.45348;-162.356;-134.786;-0.239308
322;0;1.13;-39.1221;-1.29113;6.30121;-11.3258;-6.25586;-22.428;-4.86827;10.4805;-6.62596;-32.9398;-8.35625;23.9487;-3.18653;5.09591;1.94391;-11.0748;-10.893;-62.1948;0.03004;-0.000262;0.11819;0.428354;0.070733;-0.170647;0.519514;0.357568;-0.092516;0.015557;0.0001;0.083083;0.218663;0.107833;-0.065049;0.266309;-0.014977;-0.016988;17.9832;0;-10.5682;113.716;14.231;-9.73971;-326.403;220.075;-9.04044;8.6434;-0;1.25543;66.5683;-38.6346;-1.93957;-182.172;-98.7596;1.58327
323;0;1.14;-37.4306;-0.67902;4.26002;-11.3958;-6.42408;-21.9687;-5.29809;10.3632;-5.57119;-32.2553;-8.3673;23.9777;-3.15875;5.0931;2.12304;-11.3519;-10.4923;-61.8559;0.079883;-0.033027;0.129753;0.488015;0.040835;-0.215956;0.716679;0.420294;-0.083751;0.042341;-0.028116;0.062473;0.214717;0.053131;-0.076988;0.298415;-0.060095;-0.038072;31.6501;-0;-17.373;92.4288;-0.805173;-15.5122;-394.548;213.015;-17.8609;14.7076;0;5.46654;45.4728;-6.3362;-0.564634;-186.547;-55.6316;3.00383
324;0;1.15;-36.518;-0.332275;3.09834;-11.433;-6.51165;-21.8393;-5.6287;10.1766;-4.95627;-31.9899;-8.4233;24.1244;-3.1131;5.03024;2.13792;-11.5548;-10.1099;-61.4505;0.103134;-0.056414;0.124954;0.486488;0.021892;-0.227582;0.774998;0.441108;-0.07092;0.05031;-0.047674;0.039525;0.191295;-0.00666;-0.076305;0.286106;-0.120795;-0.071428;37.046;0;-21.9088;70.765;-11.5308;-18.9672;-406.114;194.714;-23.1526;16.0648;0;8.11043;28.1357;20.3818;1.11052;-174.616;-5.52376;4.68191
325;0;1.16;-36.3673;-0.282309;2.9307;-11.3846;-6.50456;-22.0431;-5.83837;9.9403;-4.78498;-32.1032;-8.52219;24.3824;-3.00912;4.88082;2.03916;-11.6771;-9.77769;-60.9974;0.102889;-0.066682;0.10417;0.424874;0.013215;-0.205709;0.699433;0.416933;-0.052139;0.04036;-0.060266;0.017892;0.155962;-0.065995;-0.063948;0.236803;-0.19221;-0.110058;34.894;0;-23.5999;49.0458;-16.801;-20.196;-361.439;166.028;-24.8605;13.0219;-0;9.68747;17.3039;40.3864;3.34054;-150.908;47.0926;7.00167
326;0;1.17;-36.8848;-0.51127;3.69841;-11.2246;-6.41217;-22.516;-5.92749;9.68102;-4.99472;-32.4905;-8.64807;24.7094;-2.82823;4.64303;1.89169;-11.7258;-9.5203;-60.5204;0.082366;-0.063914;0.072826;0.321565;0.013504;-0.156083;0.524589;0.355026;-0.026351;0.017204;-0.067177;0.001182;0.119387;-0.11755;-0.043965;0.169483;-0.265354;-0.142625;26.8426;0;-22.4353;30.3583;-16.8807;-19.1671;-276.479;131.188;-23.2355;6.81923;0;10.6344;14.2742;53.0112;6.13022;-123.74;95.437;9.98856
327;0;1.18;-37.9155;-0.96227;5.20631;-10.9534;-6.26219;-23.1511;-5.91464;9.4266;-5.47723;-33.011;-8.77658;25.0412;-2.57155;4.33324;1.75924;-11.7161;-9.35266;-60.0447;0.0456;-0.050646;0.038505;0.2026;0.021737;-0.089329;0.299596;0.271215;0.005817;-0.012108;-0.069377;-0.008136;0.090815;-0.154246;-0.021632;0.10491;-0.327859;-0.160021;14.9396;0;-18.8218;18.45;-12.6887;-15.86;-174.302;96.8037;-18.6676;-0.782577;-0;11.2556;18.4251;58.197;9.2105;-101.104;132.358;13.2844
328;0;1.19;-39.2505;-1.5543;7.174;-10.5938;-6.09006;-23.8271;-5.83034;9.20082;-6.10223;-33.5212;-8.88155;25.3109;-2.25413;3.97777;1.69201;-11.666;-9.27875;-59.5938;-0.00078;-0.030977;0.009113;0.0944;0.035005;-0.019663;0.077391;0.183269;0.039693;-0.040139;-0.06781;-0.009562;0.075682;-0.17131;-0.002318;0.060337;-0.367441;-0.157753;1.43433;0;-13.4476;15.7765;-5.83714;-10.5244;-78.611;68.8815;-11.8475;-7.99028;-0;11.6951;27.5221;56.6302;12.0991;-88.362;152.501;16.2779
329;0;1.2;-40.6437;-2.19823;9.29405;-10.1822;-5.92773;-24.4336;-5.70986;9.01874;-6.74097;-33.9055;-8.94119;25.4636;-1.89772;3.60482;1.71979;-11.5922;-9.29179;-59.1893;-0.047297;-0.010155;-0.01031;0.013964;0.04792;0.038471;-0.100431;0.104983;0.067263;-0.06121;-0.063441;-0.004408;0.07482;-0.167903;0.010919;0.044085;-0.375914;-0.135073;-11.3618;0;-7.20623;21.2314;1.3589;-3.90981;-5.88538;49.5209;-3.96416;-13.443;0;11.9349;38.6349;49.714;14.2592;-86.9639;153.965;18.3508
330;0;1.21;-41.8445;-2.81084;11.2865;-9.75882;-5.79615;-24.8875;-5.5864;8.88429;-7.28469;-34.0986;-8.9422;25.4661;-1.52446;3.23872;1.84982;-11.5074;-9.37612;-58.8497;-0.084521;0.007242;-0.019019;-0.033195;0.054739;0.076301;-0.210848;0.044107;0.083682;-0.072863;-0.056941;0.005016;0.085945;-0.146503;0.017655;0.055483;-0.349622;-0.097703;-21.4704;-0;-1.03181;30.7867;6.71481;2.82312;37.05;37.1399;3.49827;-16.512;0;11.8146;49.317;39.1221;15.279;-95.3632;137.865;19.1022
331;0;1.22;-42.6411;-3.32502;12.9369;-9.35795;-5.70325;-25.1401;-5.48515;8.79118;-7.65664;-34.0896;-8.8818;25.3116;-1.15272;2.89668;2.06844;-11.4189;-9.5111;-58.5902;-0.106622;0.018832;-0.019545;-0.049812;0.052524;0.09247;-0.249667;0.003579;0.087784;-0.075872;-0.048574;0.016062;0.104581;-0.112236;0.019745;0.08653;-0.291498;-0.05251;-27.7147;-0;4.24227;40.0119;9.08676;8.45658;51.203;29.1216;9.23111;-17.3322;0;11.1118;58.0821;26.5514;15.0006;-109.924;108.112;18.4511
332;0;1.23;-42.8997;-3.6953;14.1117;-9.00146;-5.6462;-25.1756;-5.41955;8.72582;-7.81657;-33.9106;-8.76757;25.018;-0.79542;2.58811;2.34579;-11.3287;-9.67518;-58.4212;-0.113186;0.024329;-0.015719;-0.042637;0.042198;0.092173;-0.228024;-0.015997;0.084824;-0.073378;-0.038348;0.026483;0.125394;-0.071771;0.020443;0.124369;-0.210129;-0.008939;-29.969;0;7.96643;46.2437;8.507;12.1169;42.2394;23.8942;12.4768;-16.63;0;9.64568;64.4979;13.5368;13.5461;-126.078;70.4057;16.6168
333;0;1.24;-42.5818;-3.89913;14.753;-8.69708;-5.61562;-25.0052;-5.38975;8.6725;-7.7583;-33.6135;-8.61523;24.6242;-0.46054;2.31579;2.64277;-11.2338;-9.8504;-58.3461;-0.108087;0.02455;-0.010249;-0.018441;0.026823;0.08258;-0.16486;-0.016861;0.080642;-0.069326;-0.026255;0.034456;0.142981;-0.031375;0.023194;0.156104;-0.117825;0.026987;-28.9947;0;9.77409;49.376;5.62679;13.5018;16.8663;20.9868;13.1112;-15.3998;0;7.35582;68.7194;1.25934;11.2358;-139.396;30.7964;13.9869
334;0;1.25;-41.7335;-3.9355;14.867;-8.44059;-5.5998;-24.6584;-5.38364;8.61794;-7.50219;-33.2446;-8.44478;24.1805;-0.152715;2.07793;2.91947;-11.1273;-10.0252;-58.3599;-0.097024;0.02053;-0.004606;0.01589;0.009996;0.070475;-0.081716;-0.003275;0.080186;-0.067291;-0.012965;0.038948;0.153174;0.002987;0.030585;0.171137;-0.029681;0.052476;-26.0143;0;9.66412;50.6615;1.3306;12.8466;-17.8869;20.2392;11.5363;-14.5902;0;4.38469;71.2516;-9.18745;8.51553;-146.555;-4.53595;11.0389
335;0;1.26;-40.4542;-3.82147;14.5091;-8.22027;-5.58774;-24.1736;-5.38041;8.55448;-7.08579;-32.8257;-8.2762;23.7384;0.124706;1.87036;3.14247;-11.0006;-10.1952;-58.4481;-0.085054;0.013726;0.000806;0.054183;-0.005088;0.06065;0.002181;0.019041;0.08564;-0.069304;0.000565;0.039575;0.153617;0.027692;0.04372;0.164375;0.041651;0.069014;-22.2286;0;8.03755;51.5558;-3.3082;10.748;-55.4879;21.4985;8.51081;-14.8127;0;1.02089;72.4969;-17.1488;5.80745;-145.895;-31.2858;8.18218
336;0;1.27;-38.8591;-3.58679;13.7687;-8.0218;-5.57107;-23.5902;-5.35537;8.48084;-6.55462;-32.3451;-8.12545;23.3404;0.368312;1.68839;3.29057;-10.8455;-10.3623;-58.587;-0.075012;0.006094;0.005745;0.090167;-0.015703;0.055089;0.071577;0.044456;0.096281;-0.075708;0.012811;0.03682;0.144939;0.040636;0.062064;0.137575;0.08684;0.080991;-18.4597;-0;5.57202;52.5648;-7.03512;7.92867;-89.5943;24.5432;4.94843;-16.214;0;-2.31266;72.8353;-22.1184;3.47358;-138.19;-46.7782;5.74583
337;0;1.28;-37.0507;-3.26685;12.7513;-7.83193;-5.54493;-22.9418;-5.28516;8.40087;-5.95512;-31.7591;-8.00225;23.0132;0.574206;1.52799;3.35686;-10.656;-10.5318;-58.7462;-0.067073;0.000124;0.010253;0.119936;-0.019877;0.052795;0.120208;0.068527;0.106729;-0.084775;0.022411;0.031613;0.129673;0.042353;0.083024;0.098561;0.102584;0.093733;-15.0017;0;3.0372;53.4296;-8.5831;5.07114;-116.107;29.538;1.73098;-18.4051;0;-5.19052;72.1937;-24.0406;1.70726;-125.746;-50.9548;3.87358
338;0;1.29;-35.1077;-2.89643;11.5627;-7.64046;-5.50775;-22.2547;-5.15211;8.31994;-5.33142;-31.0037;-7.90934;22.7653;0.738724;1.38611;3.3482;-10.4299;-10.7092;-58.8932;-0.059119;-0.00223;0.014214;0.140753;-0.016683;0.050762;0.147143;0.089205;0.111811;-0.093352;0.028157;0.025128;0.111724;0.034852;0.102494;0.05798;0.091028;0.109007;-11.6543;0;1.03774;52.9464;-7.11739;2.66532;-132.372;36.626;-0.49823;-20.5831;0;-7.25701;70.1312;-23.0738;0.529277;-111.646;-45.6021;2.53969
339;0;1.3;-33.0888;-2.5057;10.2973;-7.4401;-5.46049;-21.5492;-4.9467;8.24165;-4.72429;-30.0114;-7.84297;22.5876;0.86011;1.26026;3.28217;-10.1693;-10.8975;-58.9974;-0.047876;-0.000131;0.017766;0.152563;-0.006676;0.043912;0.15899;0.106205;0.102823;-0.097228;0.02973;0.018316;0.094122;0.02217;0.115331;0.025812;0.05915;0.126926;-7.918;0;-0.122763;49.7684;-2.55531;0.959772;-138.641;45.8265;-1.4497;-21.6907;-0;-8.37247;65.572;-19.8674;-0.271482;-98.0529;-34.4385;1.49736
340;0;1.31;-31.0445;-2.11949;9.0361;-7.22495;-5.40509;-20.8436;-4.66835;8.16436;-4.1728;-28.7297;-7.79423;22.4568;0.940586;1.1473;3.18372;-9.87988;-11.0951;-59.0348;-0.030068;0.005587;0.020746;0.15589;0.008274;0.027155;0.16356;0.120127;0.071684;-0.091909;0.027436;0.012008;0.07933;0.008867;0.115426;0.010241;0.016984;0.140437;-3.25064;-0;-0.503583;42.4467;4.33795;-0.063544;-136.165;56.4359;-1.21619;-20.653;-0;-8.63061;57.3058;-15.2646;-1.07011;-86.3995;-21.9768;0.361214
341;0;1.32;-29.0296;-1.75876;7.84967;-6.98775;-5.34258;-20.1577;-4.32404;8.079;-3.71598;-27.1397;-7.75126;22.3413;0.988362;1.042;3.08169;-9.56989;-11.295;-58.9906;-0.003815;0.012798;0.022482;0.150987;0.025475;-0.003091;0.167454;0.131241;0.012452;-0.073607;0.022876;0.006542;0.067554;0.000192;0.097561;0.014808;-0.023737;0.141182;2.63457;-0;-0.446145;29.8263;12.2046;-0.634227;-126.385;66.9934;-0.181499;-16.6482;0;-8.41815;44.0659;-10.5011;-2.36743;-76.3494;-13.3355;-1.35514
342;0;1.33;-27.1089;-1.44248;6.80356;-6.71708;-5.27139;-19.5125;-3.92645;7.96867;-3.39296;-25.2689;-7.70234;22.2096;1.01922;0.935631;3.00703;-9.24808;-11.4853;-58.8602;0.030454;0.018702;0.021461;0.136446;0.041938;-0.047608;0.171905;0.138657;-0.077734;-0.040289;0.01846;0.002143;0.058355;0.00062;0.057874;0.039422;-0.052196;0.117588;9.55189;-0;-0.441134;11.1325;19.4424;-1.12146;-109.464;75.2565;1.10449;-9.35996;-0;-8.29327;25.3256;-6.8635;-4.62162;-67.1196;-12.9982;-4.06769
343;0;1.34;-25.3558;-1.18818;5.95893;-6.39485;-5.18624;-18.9246;-3.49121;7.80999;-3.24078;-23.1967;-7.64007;22.0415;1.05722;0.815116;2.99157;-8.92175;-11.6507;-58.6497;0.069343;0.020865;0.015435;0.109251;0.05502;-0.102654;0.172153;0.140122;-0.194418;0.006734;0.017524;-0.001578;0.049908;0.01369;-0.00304;0.07884;-0.059232;0.060791;16.7295;0;-0.948053;-13.7734;24.6453;-1.91275;-84.055;78.6107;2.09443;0.750401;0;-8.88315;1.44298;-5.68463;-8.1196;-57.1522;-24.5306;-7.99499
344;0;1.35;-23.8405;-1.01028;5.36644;-5.99488;-5.07847;-18.3973;-3.03433;7.57657;-3.28954;-21.0458;-7.56553;21.8397;1.13444;0.662577;3.06799;-8.59467;-11.7755;-58.3741;0.106603;0.017778;0.00151;0.064465;0.062825;-0.159121;0.156922;0.131585;-0.325397;0.06181;0.02297;-0.00567;0.039946;0.040034;-0.078569;0.124125;-0.041483;-0.030385;22.8746;0;-2.2699;-44.5041;26.813;-3.30786;-47.0478;74.1325;2.37613;12.3025;0;-10.6308;-26.0638;-7.71903;-12.7892;-44.9835;-48.7233;-12.9666
345;0;1.36;-22.6114;-0.916208;5.05261;-5.48289;-4.93783;-17.9084;-2.56988;7.24347;-3.55551;-18.9596;-7.49064;21.6364;1.28939;0.455381;3.26981;-8.26521;-11.8467;-58.0545;0.133993;0.009271;-0.022521;-0.001256;0.064024;-0.203683;0.114142;0.10893;-0.448068;0.114714;0.036283;-0.012359;0.025177;0.077011;-0.154695;0.162786;-0.000434;-0.147044;26.4149;-0;-4.45542;-79.5297;25.3703;-5.39425;3.67841;59.4285;1.77281;23.0475;0;-13.6265;-54.95;-12.8869;-18.1434;-28.8158;-83.4675;-18.361
346;0;1.37;-21.6724;-0.901815;5.00457;-4.8181;-4.75556;-17.403;-2.10804;6.79323;-4.03387;-17.0663;-7.43686;21.49;1.56447;0.166528;3.63163;-7.92499;-11.8576;-57.7159;0.142767;-0.003909;-0.057451;-0.087986;0.057661;-0.219416;0.035071;0.068699;-0.531355;0.152296;0.056252;-0.024556;0.001834;0.117867;-0.210979;0.181047;0.055487;-0.267997;25.8775;-0;-7.28893;-116.169;20.0479;-7.98121;67.653;32.9475;0.415867;30.2618;0;-17.472;-82.6599;-19.8848;-23.2896;-6.89227;-122.955;-23.1253
347;0;1.38;-20.9616;-0.947825;5.15812;-3.95624;-4.52767;-16.7915;-1.65295;6.2219;-4.6932;-15.4392;-7.42933;21.4695;2.0024;-0.2346;4.18929;-7.55785;-11.8111;-57.3833;0.125665;-0.020295;-0.101578;-0.189194;0.042923;-0.18931;-0.078595;0.010629;-0.537355;0.161416;0.078896;-0.045062;-0.033019;0.153106;-0.224381;0.168147;0.113294;-0.361567;20.3275;0;-10.2768;-150.307;10.9679;-10.5576;139.112;-4.82246;-1.18915;31.4187;0;-21.3098;-106.749;-26.3826;-27.0514;21.469;-158.936;-25.9443
348;0;1.39;-20.3393;-1.01904;5.39561;-2.8532;-4.25744;-15.9587;-1.19995;5.54422;-5.47461;-14.0613;-7.4878;21.6287;2.64244;-0.781424;4.97921;-7.13904;-11.7223;-57.0792;0.078797;-0.037687;-0.150442;-0.290626;0.019373;-0.099199;-0.2093;-0.060735;-0.427759;0.132535;0.098868;-0.074861;-0.079332;0.172876;-0.173189;0.12155;0.158335;-0.38787;9.71296;-0;-12.6858;-176.689;-0.964207;-12.365;205.968;-50.3471;-2.20364;24.9786;0;-24.0135;-124.983;-29.7391;-28.1905;54.0592;-182.904;-25.5607
349;0;1.4;-19.594;-1.06747;5.55703;-1.46864;-3.95583;-14.7827;-0.733027;4.79684;-6.29747;-12.8071;-7.61679;21.9785;3.51698;-1.50904;6.03681;-6.63544;-11.62;-56.8207;-0.183152;-0.034553;-0.349326;-0.450298;0.024359;0.283995;-0.415651;-0.135674;0.052198;0.062798;0.111161;-0.112419;-0.133962;0.169198;-0.04281;0.048908;0.178158;-0.306456;-3.9369;-17.8427;-30.907;-224.97;-20.762;-22.9411;321.105;-112.441;-10.2286;11.0025;0;-24.4295;-135.844;-27.702;-25.6697;85.4869;-188.375;-21.1715
350;0;1.41;-18.4727;-1.03982;5.46489;0.231102;-3.63969;-13.1685;-0.222292;4.03786;-7.07116;-11.4481;-7.7976;22.4659;4.64929;-2.45287;7.39386;-6.0061;-11.5455;-56.6171;-0.474325;-0.036055;-0.475746;-0.516721;0.007267;0.718723;-0.49584;-0.197747;0.684085;-0.042202;0.112646;-0.153538;-0.191569;0.1385;0.170482;-0.031203;0.167418;-0.081329;-25.8885;-45.3191;-45.1885;-229.224;-53.5203;-27.3075;339.643;-172.855;-13.4366;-8.6543;0;-21.6893;-139.064;-19.2543;-19.0369;107.719;-173.437;-12.8714
351;0;1.42;-16.732;-0.88921;4.96249;2.27071;-3.32776;-11.0909;0.376776;3.34144;-7.71151;-9.69019;-7.9843;22.9653;6.05301;-3.64703;9.07443;-5.20391;-11.5497;-56.4673;-0.766713;-0.032052;-0.501702;-0.46299;-0.024934;1.17571;-0.395086;-0.23579;1.43663;-0.169387;0.101571;-0.192604;-0.248162;0.08079;0.457823;-0.094274;0.128;0.314278;-51.8597;-79.2605;-51.7428;-185.121;-90.9006;-24.7309;241.159;-220.786;-10.2019;-30.7516;-0;-15.453;-136.271;-4.4394;-8.73338;112.849;-140.228;-1.91494
352;0;1.43;-14.1941;-0.59177;3.96802;4.66321;-3.03514;-8.64485;1.12055;2.78684;-8.15755;-7.24083;-8.10506;23.2863;7.73307;-5.12209;11.0892;-4.17924;-11.6865;-56.3584;-0.822378;-0.034526;-0.247834;-0.176904;-0.092878;1.38481;0.004119;-0.25226;2.00842;-0.301682;0.076174;-0.224055;-0.303811;-0.002014;0.799041;-0.115185;0.067556;0.890493;-67.2469;-93.2011;-28.3756;-59.8274;-111.082;-2.88973;-47.916;-233.815;9.02344;-51.524;0;-6.0846;-130.766;16.1883;3.81497;95.3771;-93.1577;9.32028
353;0;1.44;-10.7831;-0.163669;2.53244;7.40727;-2.76654;-6.07555;2.07059;2.44319;-8.38481;-3.89293;-8.06994;23.1931;9.68779;-6.90208;13.43;-2.88486;-12.0033;-56.265;-0.178155;-0.084798;0.504245;0.497845;-0.217168;0.873003;0.772191;-0.266451;1.85395;-0.42148;0.033632;-0.241863;-0.36005;-0.107349;1.16435;-0.069187;-0.00285;1.63862;-30.8716;-25.5522;56.3065;173.573;-62.4503;60.4285;-577.708;-169.899;56.9144;-67.4942;-0;5.41582;-125.57;42.0709;16.5694;51.1712;-37.1623;17.7316
354;0;1.45;-6.52682;0.330769;0.870395;10.4859;-2.51096;-3.75186;3.28197;2.35197;-8.41221;0.399041;-7.78855;22.4416;11.9105;-9.00057;16.064;-1.28375;-12.5288;-56.1529;1.79662;-0.254669;1.81194;1.68509;-0.394144;-0.9246;1.79217;-0.299233;0.309718;-0.512514;-0.026596;-0.239861;-0.418832;-0.229954;1.51746;0.062736;-0.069895;2.52241;125.091;222.134;219.813;498.716;137.229;193.641;-1286.18;43.244;138.313;-75.9475;0;17.5131;-122.366;72.0007;27.4494;-20.9601;22.1838;20.2102
355;0;1.46;-1.54093;0.79223;-0.682241;13.8685;-2.24258;-2.0626;4.78955;2.51195;-8.29969;5.48423;-7.19802;20.8361;14.3892;-11.416;18.9305;0.642769;-13.2607;-55.9853;5.51744;-0.580027;3.22668;3.25873;-0.581517;-4.28696;2.59341;-0.344345;-2.94922;-0.560857;-0.09694;-0.212452;-0.479566;-0.358183;1.8187;0.28971;-0.118393;3.4747;447.279;741.089;419.061;808.518;559.807;405.265;-1882.93;485.128;222.149;-75.1996;-0;28.2185;-120.782;102.719;34.8313;-117.672;77.2946;14.703
356;0;1.47;3.97658;1.11987;-1.78414;17.5126;-1.93136;-1.27946;6.594;2.87164;-8.13536;11.0468;-6.2932;18.305;17.1036;-14.1272;21.941;2.88571;-14.1574;-55.7351;10.6739;-0.960542;3.729;4.6648;-0.728567;-8.87992;2.37624;-0.360217;-7.45374;-0.558266;-0.159434;-0.157827;-0.539507;-0.473356;2.03224;0.601081;-0.135017;4.40189;883.47;1519.68;518.716;922.965;1194.17;638.045;-1865.89;1161.1;213.87;-65.0796;-0;35.2851;-118.81;128.531;37.7641;-227.79;119.629;1.38817
357;0;1.48;9.74067;1.25053;-2.22321;21.3606;-1.55829;-1.46364;8.65168;3.33348;-8.01098;16.6945;-5.13894;14.9601;20.0177;-17.0901;24.9851;5.40085;-15.1365;-55.3999;16.441;-1.21691;2.50999;5.38313;-0.817087;-14.1521;0.560602;-0.311673;-12.3752;-0.507233;-0.194125;-0.080978;-0.593324;-0.557315;2.1326;0.962468;-0.116243;5.19492;1295.81;2424.39;373.054;786.101;1961;796.883;-933.454;1972.76;1.88617;-47.5048;0;37.017;-112.917;143.893;36.1271;-334.186;144.896;-17.0479
358;0;1.49;15.3966;1.18405;-1.99984;25.3306;-1.1239;-2.46065;10.8719;3.7719;-7.98938;22.0541;-3.85136;11.096;23.0698;-20.2368;27.9431;8.104;-16.0859;-55.0156;22.1487;-1.33022;-0.218914;5.62095;-0.892783;-19.7637;-2.64157;-0.258653;-17.2521;-0.422795;-0.192593;0.005616;-0.636329;-0.601837;2.11116;1.31647;-0.073553;5.75484;1580.49;3327.46;-21.2441;619.401;2790.57;879.266;618.597;2789.27;-418.468;-26.4625;-0;33.2409;-99.5523;147.002;30.6398;-418.088;157.429;-36.6518
359;0;1.5;20.5716;0.981898;-1.32023;29.3082;-0.642477;-3.96595;13.1242;4.0628;-8.07543;26.8256;-2.56001;7.10958;26.1642;-23.4771;30.7015;10.8716;-16.8869;-54.6616;27.0334;-1.49396;-3.35143;6.07256;-1.07404;-24.9234;-6.22134;-0.348341;-21.5384;-0.326922;-0.162269;0.084666;-0.669593;-0.609806;1.97487;1.59026;-0.032404;6.01556;1721.63;4127.44;-522.638;737.794;3549.85;974.277;2068.95;3449.9;-913.777;-6.83235;0;25.3799;-78.2575;140.385;22.5805;-462.05;168.985;-53.8233
360;0;1.51;24.9387;0.739746;-0.505661;33.1455;-0.127441;-5.62051;15.2586;4.11626;-8.20794;30.7935;-1.37567;3.38761;29.1684;-26.7003;33.1665;13.5505;-17.4451;-54.4478;29.9962;-1.85405;-5.2022;7.38304;-1.435;-28.0059;-8.55795;-0.608941;-24.2567;-0.239035;-0.118865;0.14056;-0.698672;-0.586767;1.74132;1.71125;-0.022159;5.96064;1761.78;4663.08;-898.903;1342.05;3977.65;1165.11;2545.65;3803.29;-1262.5;7.47255;0;15.6791;-52.616;127.686;13.548;-452.816;191.086;-65.6797
361;0;1.52;28.2705;0.550526;0.131017;36.6737;0.416906;-7.09943;17.1341;3.90121;-8.28454;33.8238;-0.376797;0.223594;31.9244;-29.7766;35.2683;15.9806;-17.7177;-54.4796;30.622;-2.36339;-4.58719;9.68504;-1.9471;-27.9905;-8.50752;-0.907518;-25.0157;-0.170208;-0.076404;0.165707;-0.725673;-0.536137;1.43825;1.63709;-0.064311;5.62839;1776.89;4823.48;-929.457;2359.82;3869.19;1482.98;1625.26;3831.64;-1267.11;14.7651;0;6.33831;-27.7198;111.028;5.21696;-387.617;227.895;-70.0382
362;0;1.53;30.4735;0.477341;0.377269;39.7281;0.984729;-8.16973;18.6502;3.45201;-8.21445;35.8647;0.388798;-2.20352;34.2732;-32.5617;36.9542;18.0272;-17.7235;-54.8106;29.6067;-2.83746;-2.19903;12.1845;-2.44828;-25.7264;-6.74637;-1.11376;-24.4167;-0.123335;-0.043215;0.162189;-0.746744;-0.462208;1.10417;1.37772;-0.162287;5.10086;1824.18;4678.16;-634.659;3368.44;3345.95;1844.67;-24.8229;3663.98;-966.5;15.5471;0;-0.997243;-7.6776;91.5514;-1.07302;-277.835;274.694;-66.2959
363;0;1.54;31.598;0.544879;0.150017;42.1791;1.54534;-8.71019;19.7683;2.85475;-7.97141;36.9487;0.896318;-3.80848;36.0879;-34.9074;38.1781;19.6116;-17.53;-55.4104;28.0175;-3.07502;0.238488;13.8961;-2.68583;-23.0429;-4.93477;-1.16268;-23.3392;-0.096562;-0.022056;0.138441;-0.75658;-0.374459;0.784265;0.999389;-0.297106;4.48256;1897.35;4389.71;-248.705;3965.5;2770.7;2106.16;-1331.99;3462.64;-612.005;11.5719;-0;-5.54216;4.98642;71.1747;-4.74937;-147.148;320.813;-56.4453
364;0;1.55;31.8139;0.744062;-0.520183;43.956;2.02782;-8.70372;20.5131;2.21987;-7.61665;37.1872;1.13807;-4.57094;37.2989;-36.6844;38.8984;20.7245;-17.2252;-56.168;26.6201;-3.0408;1.65071;14.4973;-2.57906;-21.2045;-4.089;-1.10062;-22.3736;-0.086442;-0.012351;0.103897;-0.754799;-0.286504;0.518736;0.595178;-0.433167;3.86916;1951.77;4102.34;25.9631;4079.76;2408.74;2196.77;-1802.38;3299.34;-407.335;4.85551;0;-7.33521;8.65231;53.0394;-6.00658;-22.2642;354.861;-44.5809
365;0;1.56;31.3604;1.04101;-1.51902;45.0538;2.33135;-8.2184;20.9565;1.65267;-7.27831;36.7537;1.12281;-4.52288;37.9039;-37.808;39.092;21.418;-16.8877;-56.9304;25.5403;-2.86025;1.99252;14.1732;-2.27228;-20.3187;-4.17413;-1.03916;-21.5856;-0.089322;-0.011254;0.065954;-0.744714;-0.210568;0.332427;0.248909;-0.531402;3.32706;1949.14;3879.31;134.509;3845.74;2280.41;2136.39;-1581.38;3140.36;-378.521;-2.88457;0;-7.04704;2.94583;39.9705;-5.56082;76.3021;368.305;-34.6808
366;0;1.57;30.4871;1.3862;-2.67884;45.5234;2.35865;-7.38408;21.1915;1.23093;-7.10234;35.856;0.877608;-3.74941;37.9574;-38.2591;38.775;21.7817;-16.5693;-57.5528;24.4243;-2.67262;1.71073;13.1999;-1.9561;-19.7768;-4.62683;-1.0359;-20.6837;-0.101465;-0.014722;0.029272;-0.729216;-0.152371;0.230796;0.008398;-0.562869;2.88527;1876.43;3697.67;120.779;3410.91;2259.39;1972.7;-1044.7;2924.13;-441.484;-10.3826;0;-5.6285;-10.7949;32.7665;-4.29586;139.876;357.401;-28.44
367;0;1.58;29.4078;1.72401;-3.81168;45.4494;2.0538;-6.36526;21.3075;0.993707;-7.20096;34.7032;0.447093;-2.38811;37.5483;-38.0879;38.0159;21.9164;-16.2901;-57.9361;22.9041;-2.53842;1.24916;11.8311;-1.73231;-18.9615;-4.9191;-1.0552;-19.4004;-0.118472;-0.018585;-0.002367;-0.704566;-0.111533;0.203278;-0.114197;-0.515575;2.53935;1743.56;3499.51;49.5317;2891.39;2217.64;1746.52;-511.16;2632.9;-508.525;-16.7356;-0;-3.98119;-28.7601;30.1092;-2.98398;169.013;322.295;-25.1008
368;0;1.59;28.277;2.00315;-4.74547;44.9273;1.42452;-5.33077;21.3741;0.941604;-7.62032;33.4759;-0.114017;-0.609848;36.7748;-37.4005;36.9254;21.9142;-16.0458;-58.0423;20.898;-2.4407;0.863779;10.3067;-1.59954;-17.6285;-4.81793;-1.02791;-17.7145;-0.135818;-0.020169;-0.025732;-0.66362;-0.084244;0.229996;-0.131564;-0.39517;2.26637;1572.87;3245.65;-30.9791;2380.56;2096.53;1491.81;-147.257;2300.12;-536.204;-21.3601;-0;-2.67923;-46.1761;29.7169;-2.0739;169.173;266.747;-22.8765
369;0;1.6;27.1875;2.18571;-5.35478;44.0472;0.541456;-4.42728;21.4333;1.0453;-8.33291;32.3079;-0.752518;1.41498;35.727;-36.3345;35.6307;21.8461;-15.8185;-57.89;18.5889;-2.33265;0.624746;8.81441;-1.50684;-15.89;-4.36869;-0.918016;-15.7986;-0.149808;-0.018959;-0.038592;-0.600376;-0.066813;0.288569;-0.067604;-0.220996;2.0382;1387.37;2935.54;-96.3697;1938.73;1904.1;1237.54;24.2231;1975.38;-522.329;-23.9911;0;-1.90006;-58.9246;29.7986;-1.6564;146.387;197.365;-20.5836
370;0;1.61;26.1808;2.25208;-5.57598;42.8857;-0.481204;-3.76399;21.5004;1.25866;-9.25001;31.2822;-1.42707;3.55001;34.479;-35.0339;34.245;21.7584;-15.5878;-57.5398;16.2309;-2.1798;0.482231;7.44098;-1.40965;-13.9993;-3.74929;-0.738574;-13.8508;-0.158518;-0.016108;-0.040811;-0.515329;-0.056456;0.359133;0.0493;-0.019196;1.83363;1203.18;2594.87;-141.606;1579.86;1678.39;1003.12;70.1637;1691.91;-484.37;-24.6979;0;-1.52992;-65.0445;29.5662;-1.5765;106.688;122.613;-18.0502
;;MAXIMO;31.8139;8.20617;20.0365;31.8139;8.20617;20.0365;31.8139;8.20617;20.0365;31.8139;8.20617;20.0365;31.8139;8.20617;20.0365;31.8139;8.20617;20.0365;31.8139;8.20617;20.0365;31.8139;8.20617;20.0365;31.8139;8.20617;20.0365;31.8139;8.20617;20.0365;31.8139;8.20617;20.0365;31.8139;8.20617;20.0365;31.8139;8.20617;20.0365;31.8139;8.20617;20.0365;31.8139;8.20617;20.0365;31.8139;8.20617;20.0365;31.8139;8.20617;20.0365;31.8139;8.20617;20.0365
;;MINIMO;-50.8394;-5.63266;-24.0366;-50.8394;-5.63266;-24.0366;-50.8394;-5.63266;-24.0366;-50.8394;-5.63266;-24.0366;-50.8394;-5.63266;-24.0366;-50.8394;-5.63266;-24.0366;-50.8394;-5.63266;-24.0366;-50.8394;-5.63266;-24.0366;-50.8394;-5.63266;-24.0366;-50.8394;-5.63266;-24.0366;-50.8394;-5.63266;-24.0366;-50.8394;-5.63266;-24.0366;-50.8394;-5.63266;-24.0366;-50.8394;-5.63266;-24.0366;-50.8394;-5.63266;-24.0366;-50.8394;-5.63266;-24.0366;-50.8394;-5.63266;-24.0366;-50.8394;-5.63266;-24.0366
;;RANGO;82.6533;13.83883;44.0731;82.6533;13.83883;44.0731;82.6533;13.83883;44.0731;82.6533;13.83883;44.0731;82.6533;13.83883;44.0731;82.6533;13.83883;44.0731;82.6533;13.83883;44.0731;82.6533;13.83883;44.0731;82.6533;13.83883;44.0731;82.6533;13.83883;44.0731;82.6533;13.83883;44.0731;82.6533;13.83883;44.0731;82.6533;13.83883;44.0731;82.6533;13.83883;44.0731;82.6533;13.83883;44.0731;82.6533;13.83883;44.0731;82.6533;13.83883;44.0731;82.6533;13.83883;44.0731
.venvarakito@Matiass-MacBook-Pro KineViz % find estudios/1 -type f
estudios/1/Pte1/Cinematica/Pte1 CMJ POST 1_Cinematica.txt
estudios/1/Pte1/Cinetica/Pte1 CMJ POST 1_Cinetica.txt
estudios/1/Pte1/Cinetica/Pte1 CMJ POST 100_Cinetica.txt
estudios/1/Pte1/Electromiografica/Pte1 CMJ POST 100_Electromiografica.txt
estudios/1/Pte1/OG/Pte1 CMJ POST 100.txt
estudios/1/Pte1/OG/Pte1 CMJ POST 1.txt
estudios/1/reportes/reporte-1_20241122_max-min-rango_Cinematica-Cinetica-Electromiografica.pdf
estudios/1/Pte14/Cinematica/Pte14 CMJ POST 12_Cinematica.txt
estudios/1/Pte14/Cinetica/Pte14 CMJ POST 12_Cinetica.txt
estudios/1/Pte14/OG/Pte14 CMJ POST 12.txt
estudios/1/Pte12/Cinematica/Pte12 CMJ POST 22_Cinematica.txt
estudios/1/Pte12/Cinetica/Pte12 CMJ POST 22_Cinetica.txt
estudios/1/Pte12/OG/Pte12 CMJ POST 22.txt
.venvarakito@Matiass-MacBook-Pro KineViz % python3 interfaz copy.py                                        
python3: can't open file '/Users/arakito/Mati/Proyectos/KineViz/interfaz': [Errno 2] No such file or directory
.venvarakito@Matiass-MacBook-Pro KineViz % python3 'interfaz copy.py'
2024-11-22 03:56:38.382 python3[93862:4579412] +[IMKClient subclass]: chose IMKClient_Modern
2024-11-22 03:56:38.382 python3[93862:4579412] +[IMKInputSession subclass]: chose IMKInputSession_Modern
Procesando datos:
- Estudio path: estudios/1
- Paciente: Pte1
- Frecuencia: Cinematica
- Tipo: CMJ
- Periodo: POST
- Buscando en: estudios/1/Pte1/Cinematica
- Buscando archivos: ['Pte1 CMJ POST_Cinematica.txt', 'Pte1 POST CMJ_Cinematica.txt']
- Intentando abrir: estudios/1/Pte1/Cinematica/Pte1 CMJ POST_Cinematica.txt
- Intentando abrir: estudios/1/Pte1/Cinematica/Pte1 POST CMJ_Cinematica.txt
- No se encontraron datos válidos
Procesando datos:
- Estudio path: estudios/1
- Paciente: Pte12
- Frecuencia: Cinematica
- Tipo: CMJ
- Periodo: POST
- Buscando en: estudios/1/Pte12/Cinematica
- Buscando archivos: ['Pte12 CMJ POST_Cinematica.txt', 'Pte12 POST CMJ_Cinematica.txt']
- Intentando abrir: estudios/1/Pte12/Cinematica/Pte12 CMJ POST_Cinematica.txt
- Intentando abrir: estudios/1/Pte12/Cinematica/Pte12 POST CMJ_Cinematica.txt
- No se encontraron datos válidos
Procesando datos:
- Estudio path: estudios/1
- Paciente: Pte14
- Frecuencia: Cinematica
- Tipo: CMJ
- Periodo: POST
- Buscando en: estudios/1/Pte14/Cinematica
- Buscando archivos: ['Pte14 CMJ POST_Cinematica.txt', 'Pte14 POST CMJ_Cinematica.txt']
- Intentando abrir: estudios/1/Pte14/Cinematica/Pte14 CMJ POST_Cinematica.txt
- Intentando abrir: estudios/1/Pte14/Cinematica/Pte14 POST CMJ_Cinematica.txt
- No se encontraron datos válidos
Procesando datos:
- Estudio path: estudios/1
- Paciente: Pte1
- Frecuencia: Cinetica
- Tipo: CMJ
- Periodo: POST
- Buscando en: estudios/1/Pte1/Cinetica
- Buscando archivos: ['Pte1 CMJ POST_Cinetica.txt', 'Pte1 POST CMJ_Cinetica.txt']
- Intentando abrir: estudios/1/Pte1/Cinetica/Pte1 CMJ POST_Cinetica.txt
- Intentando abrir: estudios/1/Pte1/Cinetica/Pte1 POST CMJ_Cinetica.txt
- No se encontraron datos válidos
Procesando datos:
- Estudio path: estudios/1
- Paciente: Pte12
- Frecuencia: Cinetica
- Tipo: CMJ
- Periodo: POST
- Buscando en: estudios/1/Pte12/Cinetica
- Buscando archivos: ['Pte12 CMJ POST_Cinetica.txt', 'Pte12 POST CMJ_Cinetica.txt']
- Intentando abrir: estudios/1/Pte12/Cinetica/Pte12 CMJ POST_Cinetica.txt
- Intentando abrir: estudios/1/Pte12/Cinetica/Pte12 POST CMJ_Cinetica.txt
- No se encontraron datos válidos
Procesando datos:
- Estudio path: estudios/1
- Paciente: Pte14
- Frecuencia: Cinetica
- Tipo: CMJ
- Periodo: POST
- Buscando en: estudios/1/Pte14/Cinetica
- Buscando archivos: ['Pte14 CMJ POST_Cinetica.txt', 'Pte14 POST CMJ_Cinetica.txt']
- Intentando abrir: estudios/1/Pte14/Cinetica/Pte14 CMJ POST_Cinetica.txt
- Intentando abrir: estudios/1/Pte14/Cinetica/Pte14 POST CMJ_Cinetica.txt
- No se encontraron datos válidos
Procesando datos:
- Estudio path: estudios/1
- Paciente: Pte1
- Frecuencia: Electromiografica
- Tipo: CMJ
- Periodo: POST
- Buscando en: estudios/1/Pte1/Electromiografica
- Buscando archivos: ['Pte1 CMJ POST_Electromiografica.txt', 'Pte1 POST CMJ_Electromiografica.txt']
- Intentando abrir: estudios/1/Pte1/Electromiografica/Pte1 CMJ POST_Electromiografica.txt
- Intentando abrir: estudios/1/Pte1/Electromiografica/Pte1 POST CMJ_Electromiografica.txt
- No se encontraron datos válidos
Procesando datos:
- Estudio path: estudios/1
- Paciente: Pte12
- Frecuencia: Electromiografica
- Tipo: CMJ
- Periodo: POST
- Buscando en: estudios/1/Pte12/Electromiografica
- Directorio no encontrado: estudios/1/Pte12/Electromiografica
Procesando datos:
- Estudio path: estudios/1
- Paciente: Pte14
- Frecuencia: Electromiografica
- Tipo: CMJ
- Periodo: POST
- Buscando en: estudios/1/Pte14/Electromiografica
- Directorio no encontrado: estudios/1/Pte14/Electromiografica

---------------------------------

#KineViz